"","Pine.Siskin","Rusty.Blackbird","Chipping.Sparrow","Red.headed.Woodpecker","Bonaparte.s.Gull","Bufflehead","Yellow.rumped.Warbler","Herring.Gull","Ring.billed.Gull","Ring.necked.Duck","Blue.Jay","Song.Sparrow","Northern.Mockingbird","White.throated.Sparrow","Dark.eyed.Junco..Slate.colored.","American.Goldfinch","Northern.Flicker..Yellow.shafted.","Rock.Pigeon..Feral.Pigeon.","Golden.crowned.Kinglet","House.Finch","Great.Blue.Heron..Blue.form.","Pine.Warbler","Ruby.crowned.Kinglet","Fox.Sparrow","Hooded.Merganser","Swamp.Sparrow","Eastern.Phoebe","Hermit.Thrush","Eastern.Towhee","Yellow.bellied.Sapsucker","Brown.headed.Nuthatch","White.breasted.Nuthatch","Pied.billed.Grebe","Northern.Cardinal","Downy.Woodpecker","Red.bellied.Woodpecker","Carolina.Wren","Tufted.Titmouse","Eastern.Bluebird","American.Crow","Carolina.Chickadee","American.Robin","Cedar.Waxwing","Yellow.rumped.Warbler..Myrtle.","American.Coot","American.Pipit","Brown.headed.Cowbird","blackbird.sp.","Savannah.Sparrow","Eastern.Meadowlark","House.Sparrow","Field.Sparrow","Mourning.Dove","Northern.Bobwhite","Spotted.Eastern.Towhee..Rufous.sided.Towhee.","Evening.Grosbeak","Purple.Finch","sparrow.sp.","gull.sp.","Red.winged.Blackbird","Common.Grackle","European.Starling"
"Pine.Siskin",1,0.432417171505888,0.476210954352207,0.350006587488866,0.233755219900373,0.245937941326678,0.034639158122106,0.388904874298836,0.467410123740885,0.130301064755356,0.293242022770992,0.387899180465013,0.328337992738954,0.27406131979624,0.187555981177396,0.376246808533782,0.328931080827396,0.0621492370680534,0.248154019067796,0.28505130961732,0.22136625554617,0.142837324065565,0.157918325259632,0.283323734954389,0.165811815636529,0.370004352551919,0.344448997364054,0.284475575007725,0.310246660724722,0.374076790632826,0.403502536181624,0.340291200248681,0.189381571232161,0.34361536974775,0.318257708845902,0.34588464456125,0.34851202648704,0.377975405566746,0.351970118858799,0.375135303735318,0.319165531942691,0.331927250326214,0.252063693249031,0.194987716775331,0.249021097763569,0.197497258346125,-0.0386041916754298,-0.0274370157832664,0.297110209691021,-0.00164899108530402,0.0435847666896577,0.235141372638216,0.109631738566719,-0.0761576217278123,-0.020375476818088,0.0595625783572124,0.164529760787434,-0.00818985020951634,-0.029064960848602,0.00901215642893674,-0.00101910975137177,-0.0100050019357403
"Rusty.Blackbird",0.432417171505888,1,0.260085140166089,0.356675690439223,0.408240547216081,0.301740090410258,0.148879065659912,0.22735770046334,0.318200300877965,0.00933230093066332,0.253603808995303,0.335253841809843,0.328562387860589,0.283604250888077,0.22614728522521,0.297852079498199,0.335533236936131,0.118908211058319,0.227335283393615,0.314644013956696,0.332727365213796,0.160976723266568,0.189525162633147,0.465268815541209,0.338908942708638,0.255232990395162,0.302528298728428,0.292732087472384,0.32342124804259,0.405565198886092,0.339323593099483,0.325921907172835,0.400465366971564,0.314281123651762,0.323004232744978,0.344018468793871,0.325252094761456,0.356170085295591,0.356997943991557,0.3706603966309,0.305822449597033,0.198297064101699,0.205824691740704,0.227480331458587,0.302414987949607,0.33354592386263,-0.0158962811466066,0.073759445727318,0.124581047926924,-0.0100557814204878,0.0043657905508804,0.124326504689426,0.139585073031072,-0.0738367333645661,-0.00114542696628282,0.0158558028193521,0.0338262993912713,-0.0149883567682519,0.0569453346162656,-0.00288156224621853,0.0076792280434122,-0.00478677465670362
"Chipping.Sparrow",0.476210954352207,0.260085140166089,1,0.827227453869141,0.657722661223048,0.735638348816034,0.616552853243052,0.667086525464546,0.778254771372151,0.256896182655218,0.538058839505492,0.640980130027112,0.535536093773512,0.538017476684309,0.303042987061289,0.526837340928851,0.530272153684001,0.247110061779796,0.521573341242112,0.509799123402476,0.543861907559017,0.50829319271719,0.573989068255587,0.644115647412828,0.49108664784856,0.62718656019945,0.802730787722944,0.724419636569396,0.785115221148595,0.834911114892625,0.896853063232635,0.880310844831451,0.651591945997811,0.746986281895177,0.821478714934238,0.837026686163974,0.834796188740749,0.858407357425745,0.747606048173,0.744880869653375,0.730793972578272,0.565478869476156,0.430514641124367,0.419139817454781,0.245353746784779,0.368121249431178,-0.00876248195915962,-0.086724270911085,0.227924888612312,-0.149699149085245,-0.116761700006509,0.150867914387416,0.157749435349641,-0.363764779753204,-0.203103972786875,-0.158578917603718,-0.136987733626516,-0.0811885300003417,-0.03578646918232,-0.0377650948923115,-0.0427475160540843,-0.0537388429254106
"Red.headed.Woodpecker",0.350006587488866,0.356675690439223,0.827227453869141,1,0.698093615521686,0.782096934258187,0.61392462840074,0.534875028801365,0.723197920240228,0.28195975192787,0.59474700651699,0.631433456632805,0.55594014738042,0.539911291019097,0.346389294644532,0.523543819736127,0.540940570966038,0.345892363156398,0.55720718749572,0.576483552115164,0.602773919879792,0.582764523672343,0.597212670617341,0.646866971537613,0.567886906678622,0.623816663396632,0.778805697799029,0.759343391296593,0.805815608650544,0.849765818160739,0.852725242349176,0.840507746572512,0.707560832727165,0.708474567625463,0.836448678559852,0.855537458479134,0.775174873292817,0.823529300050427,0.763514579783012,0.748285708036566,0.718327646593283,0.513043931656333,0.420091192236317,0.426803778303452,0.362802729800454,0.31494142680324,-0.0253444126952299,-0.0961811559321463,0.251252492434109,-0.11413304858035,-0.0816026405807568,0.139290584475248,0.210320097364658,-0.369338787156263,-0.201170531062787,-0.150946117103196,-0.158855390823899,-0.102669665519397,-0.016124876426619,-0.0510316979014434,-0.0579848256745054,-0.0797211483039479
"Bonaparte.s.Gull",0.233755219900373,0.408240547216081,0.657722661223048,0.698093615521686,1,0.802623669660637,0.453675123864037,0.461039686152807,0.562781437311998,0.44860955014167,0.450427607611803,0.614207010540549,0.504418586148823,0.50046121251039,0.372554493794571,0.531348519755329,0.529258537815476,0.437925847135913,0.533365057604606,0.671251817577794,0.649789450652222,0.589082898594973,0.627553790585711,0.603075406632782,0.587301246455666,0.583992540134441,0.813912197284207,0.775931159246101,0.747928723514843,0.76732797818024,0.788057455667789,0.765716503321843,0.677550112924848,0.624099435981676,0.748113864042098,0.730719687970113,0.72413340158265,0.741567436883843,0.72134630873538,0.675786724642688,0.672486762407723,0.47154626710737,0.425224005315812,0.46621144979492,0.195925299412624,0.247901516225992,-0.00419746932743186,-0.101304091543454,0.159230555209126,-0.127116706362518,-0.0945976312467628,0.136492977911474,0.192989032763515,-0.371739294304485,-0.273831382901544,-0.0547768110303212,-0.188705313137755,-0.0947878354155813,0.22106255623668,-0.052511643346689,-0.0630032083623751,-0.081748158545518
"Bufflehead",0.245937941326678,0.301740090410258,0.735638348816034,0.782096934258187,0.802623669660637,1,0.446300026131364,0.386689198446396,0.550662312112543,0.415148285010595,0.623598971479661,0.702535625546919,0.572296472113491,0.573839021994898,0.498096436996108,0.61713522678625,0.656275331527736,0.566147347055502,0.737259187620795,0.766373388784073,0.738849905661139,0.72050508925093,0.796548583753313,0.681154777683929,0.66653542340519,0.632608392677605,0.844753956167788,0.823356085390757,0.862607657062364,0.836769522338595,0.813999342557741,0.798189794012032,0.724014246098348,0.728816047367609,0.839087136070125,0.816322421337665,0.827280692302283,0.815584824040338,0.807026226891957,0.759829455083977,0.772170568914819,0.619788631675221,0.45405412013417,0.554438415619434,0.301839220206858,0.286917181983433,-0.0358464226501744,-0.117571510562299,0.123402771748522,-0.114276157859672,-0.0807314785276627,0.181164480136876,0.272186935556475,-0.401676990843921,-0.309389892430391,-0.0969390977732133,-0.20132580944262,-0.0889262065012557,0.14442356377702,-0.0646834024208119,-0.0764950683208265,-0.0972293767591318
"Yellow.rumped.Warbler",0.034639158122106,0.148879065659912,0.616552853243052,0.61392462840074,0.453675123864037,0.446300026131364,1,0.455876191319717,0.545668662924939,0.0724133759560808,0.391393618212657,0.37080481535251,0.349749062654091,0.368857679469432,0.168894694835616,0.156414866100164,0.235565192729314,0.0481675818486711,0.237428047672511,0.248436038605437,0.25320614119471,0.215835287468877,0.28724970093717,0.452517737991376,0.244853113028632,0.321968680957586,0.509845379097286,0.466998243064509,0.442472259205227,0.5636229801383,0.623901488594966,0.569894521756489,0.521405252850769,0.444490796733516,0.533975430563922,0.556452693781495,0.520644082115847,0.532495166265529,0.446494978302463,0.425425887955491,0.424240707384522,0.31861020911792,0.216434431225559,0.171281295764389,0.147447806538738,0.175889822074403,0.0882162614836019,0.00912675686124233,0.210679244254786,-0.0385642910170156,-0.0267050299139538,0.0672146201172499,0.105665449607686,-0.134050200487483,-0.0199360714094019,-0.10740158615399,-0.0397062235708484,-0.0701603179900044,-0.0736291655980876,-0.0283239891808401,0.02124416190137,0.0491854375073427
"Herring.Gull",0.388904874298836,0.22735770046334,0.667086525464546,0.534875028801365,0.461039686152807,0.386689198446396,0.455876191319717,1,0.740639170754545,0.203984526451372,0.334652783718289,0.468134965764382,0.413597991532216,0.377731624377989,0.208002534411664,0.361760445518109,0.324545038927423,0.165523403791309,0.336571639944128,0.3869806771745,0.430921485717315,0.271306662252926,0.311741228495766,0.417220213019788,0.417691484971661,0.427636185797669,0.5417233671128,0.472422368673743,0.590053124837989,0.548100984959939,0.66319770479501,0.6066149333013,0.538095964395336,0.512542286516703,0.53075172939457,0.561605811737113,0.552900987619185,0.640764768896583,0.558514339003924,0.57930531489997,0.565581543247247,0.301417531441113,0.241215511348117,0.343727488964827,0.231089507340361,0.401990364664001,-0.0590366974116534,-0.0673140075007211,0.315093701719535,-0.10679983788148,-0.0691498633770965,0.144129916532269,0.114415018399523,-0.268262978006939,-0.172728232191023,-0.109463696008491,-0.135184611531734,-0.0440667737011567,-0.0148937093299936,-0.0355660569598787,-0.0439072771753725,-0.0546715119345288
"Ring.billed.Gull",0.467410123740885,0.318200300877965,0.778254771372151,0.723197920240228,0.562781437311998,0.550662312112543,0.545668662924939,0.740639170754545,1,0.175281761858417,0.442071542717878,0.54436197730986,0.494564710717701,0.469920351082867,0.303174137721258,0.479397108660485,0.450076490456192,0.252371912935703,0.472537324077159,0.490101109911331,0.484980008512061,0.381925758812437,0.39194089112225,0.607925673016158,0.532185202282293,0.501027074597084,0.680878765338006,0.65286530462705,0.715791126672105,0.696567327834691,0.77084610140463,0.709556222201943,0.612914440082773,0.625698046467437,0.659516458700357,0.70276152387769,0.670858910239049,0.740617539532613,0.660444603878309,0.704814209645908,0.617416567730837,0.396190297541789,0.369589728289805,0.400478508309684,0.334974911886747,0.303164858200554,-0.00496971233456163,-0.0843717302603223,0.290807664686303,-0.151333442138111,-0.133043553356302,0.122366155090148,0.107431628878321,-0.349889649704806,-0.223477454915809,-0.155083688761892,-0.156142204129583,-0.0699427680490293,-0.0153779737456017,-0.0444288150026742,-0.050416625050338,-0.0689149665515833
"Ring.necked.Duck",0.130301064755356,0.00933230093066332,0.256896182655218,0.28195975192787,0.44860955014167,0.415148285010595,0.0724133759560808,0.203984526451372,0.175281761858417,1,0.288789012057982,0.371604522349073,0.383627180800122,0.287123740314538,0.339824064424121,0.439550984633999,0.390650977674681,0.436879779947963,0.56283272904083,0.529190654479335,0.424488302518497,0.542665777181533,0.589903257486117,0.349817424212919,0.457541009867117,0.275332495400686,0.463154706639748,0.374244672398744,0.417591387379274,0.381343926881989,0.37144660704611,0.343472091638386,0.349265496614899,0.349507239880232,0.38863571699646,0.409330647881262,0.423794330832987,0.401152981693027,0.41273901685525,0.395504381743527,0.440334711096723,0.299819596538036,0.420114321958442,0.456461011884916,0.326178542127642,0.136150913403925,-0.0473424771184847,-0.0710464996697799,0.0372409108682523,0.0568526687783341,0.0461286317809572,0.186725593431533,0.160944051657604,-0.169871372511278,-0.133985188437536,0.154336500597556,-0.0630394431689651,-0.0430455836178806,0.111069253810563,-0.0452867319306129,-0.0568101803397836,-0.0607809974908666
"Blue.Jay",0.293242022770992,0.253603808995303,0.538058839505492,0.59474700651699,0.450427607611803,0.623598971479661,0.391393618212657,0.334652783718289,0.442071542717878,0.288789012057982,1,0.839767901163779,0.840336993359139,0.862010451413651,0.784938994236167,0.797897335566146,0.81561562264338,0.709275076166817,0.716618189703509,0.726004332768134,0.62797295813365,0.592571789130406,0.653905154483198,0.625915781015224,0.527118723197644,0.674425006939937,0.637739835460985,0.654817903405851,0.653546716992467,0.716320191729663,0.660987230204358,0.656394179741611,0.687329907922899,0.841772090052219,0.784308334702143,0.813372403347073,0.761962259564733,0.739661357801666,0.792655090695033,0.805876429772926,0.811850387764274,0.623502868235729,0.656380750975258,0.596571446935726,0.369662214665375,0.341287064086152,0.259365682094061,0.0603243427281203,0.636916996408415,0.463166694809602,0.499649399800188,0.697543917575428,0.735199446332989,0.0921765888164593,0.340185209827944,0.284569495133836,0.226037357676553,-0.154614603814524,0.144291565935328,-0.0333062287065926,0.0413028038343308,0.0902269800741221
"Song.Sparrow",0.387899180465013,0.335253841809843,0.640980130027112,0.631433456632805,0.614207010540549,0.702535625546919,0.37080481535251,0.468134965764382,0.54436197730986,0.371604522349073,0.839767901163779,1,0.888682821183676,0.909734027037184,0.785024177314527,0.85139812663514,0.84720489155099,0.721532130526865,0.758228992783444,0.794281074755847,0.739655027625661,0.639430965929427,0.742874235603807,0.735248108572216,0.663970119382987,0.797829382157405,0.787878910178024,0.821558199663477,0.79227534551445,0.813694639988971,0.783885416123277,0.780194406195853,0.809329538896471,0.888546413772278,0.865835054067134,0.868990975229985,0.858181355125098,0.857802457273051,0.870414106448126,0.879720218227284,0.897121857138252,0.661383377952418,0.671905769084036,0.719860541727436,0.447155409416936,0.395257256469845,0.143470668958529,0.0305585119439853,0.551293156358393,0.295571411808001,0.374926337725601,0.678110666578381,0.636922208622714,-0.0802829064624419,0.126865121797371,0.261998483325275,0.176478295547898,-0.0457846324752188,0.179146011318982,0.0193663494651288,0.0545694595462898,0.0718440444186221
"Northern.Mockingbird",0.328337992738954,0.328562387860589,0.535536093773512,0.55594014738042,0.504418586148823,0.572296472113491,0.349749062654091,0.413597991532216,0.494564710717701,0.383627180800122,0.840336993359139,0.888682821183676,1,0.91987877796566,0.874943160759343,0.87383100703285,0.89371819138362,0.764010337007382,0.770424244959252,0.744661673151876,0.713972916566199,0.620650854805785,0.720142368965466,0.694846254471341,0.620628463669557,0.704570059389892,0.723431451700594,0.749466676636999,0.691311440245476,0.769046372374913,0.71419849433914,0.733053923367731,0.801147485654127,0.90820519389262,0.824073051902616,0.824570583901491,0.823712530924895,0.814995732966653,0.853669368305892,0.865369083239323,0.886989050911044,0.568268198311512,0.697326425641482,0.738445366999201,0.522890431530843,0.441536255246272,0.191015427961521,0.102589689094315,0.611052461105163,0.486070426083011,0.532196319992177,0.728575715886245,0.761305540602186,0.120985451645344,0.299887627817696,0.32350125262915,0.303537898159571,-0.200855604008538,0.214048602740385,-0.0279993330968685,0.0210223718178772,0.0552768074305653
"White.throated.Sparrow",0.27406131979624,0.283604250888077,0.538017476684309,0.539911291019097,0.50046121251039,0.573839021994898,0.368857679469432,0.377731624377989,0.469920351082867,0.287123740314538,0.862010451413651,0.909734027037184,0.91987877796566,1,0.858429965604523,0.815691629220441,0.84371669582205,0.689226478478569,0.685815950502024,0.673064176665845,0.631869502266293,0.55531078984356,0.666716500607418,0.68282540555231,0.595078921576642,0.765521717944492,0.695495885430932,0.741385420473669,0.655180986452546,0.766484098150518,0.678950833008437,0.709293104600743,0.776867657257165,0.880391995993108,0.813664451753574,0.81045976820012,0.794755881274891,0.782568954315059,0.801787765058728,0.82633884379852,0.8489349208415,0.593646969367918,0.69295157265716,0.709144463930821,0.383084567466694,0.36466496014787,0.209745997204078,0.109718001635553,0.648474090653012,0.467555384729821,0.543410861014892,0.752538279414211,0.787509558074881,0.133868525026147,0.36620435112214,0.368869011097008,0.364707151748651,-0.154383101137026,0.202467076374146,-0.0132397314475356,0.0348422579761459,0.0673954250292845
"Dark.eyed.Junco..Slate.colored.",0.187555981177396,0.22614728522521,0.303042987061289,0.346389294644532,0.372554493794571,0.498096436996108,0.168894694835616,0.208002534411664,0.303174137721258,0.339824064424121,0.784938994236167,0.785024177314527,0.874943160759343,0.858429965604523,1,0.839302311521801,0.822809590646398,0.794547397642613,0.735799307542958,0.726156012292741,0.644543290496961,0.572524568112974,0.645884899680278,0.625029435475805,0.598854529860176,0.620455685063124,0.560439590170541,0.635148376718805,0.578394653923437,0.58606336970191,0.509795762133925,0.526074958245683,0.689145798038111,0.76684371037178,0.664451608065716,0.65032634960307,0.678338266650047,0.636329187041981,0.715382797179923,0.739949466210306,0.761566713146398,0.477446489581167,0.649633106901618,0.690865192416063,0.446824681005304,0.336195998151741,0.128317076559396,0.0541837703388736,0.578275756535576,0.527191913644629,0.631568752892288,0.714689250633604,0.776291888211997,0.189105614385037,0.279710817729573,0.418380345124471,0.31989685207038,-0.195599418621477,0.383079308487975,-0.0295996156912782,0.00225726018473084,0.0259505574627644
"American.Goldfinch",0.376246808533782,0.297852079498199,0.526837340928851,0.523543819736127,0.531348519755329,0.61713522678625,0.156414866100164,0.361760445518109,0.479397108660485,0.439550984633999,0.797897335566146,0.85139812663514,0.87383100703285,0.815691629220441,0.839302311521801,1,0.901792413432403,0.786274418455228,0.788569164875634,0.801138954737516,0.78123978319781,0.655760385119322,0.726288086064873,0.669287997629232,0.624730568724928,0.722830678618952,0.727681902881465,0.72323482909586,0.728039182169255,0.722612861237643,0.684302952611653,0.697827587804992,0.782610132156129,0.846486062553944,0.798463077523458,0.784332633823533,0.807929050985294,0.790058183511814,0.859918199351512,0.869447505822715,0.878095331643287,0.589075288545079,0.743794177568844,0.781098679112663,0.52893850499372,0.463074054844885,0.0972403897250207,-0.0382010423896063,0.58869544350042,0.370759895268448,0.446364245122744,0.688702972125907,0.672850739785435,-0.023578179905919,0.13598549728247,0.254223827899863,0.172001348438523,-0.145366331749259,0.184136414476839,-0.0249868979872549,-0.00678528814087752,0.00332562842095183
"Northern.Flicker..Yellow.shafted.",0.328931080827396,0.335533236936131,0.530272153684001,0.540940570966038,0.529258537815476,0.656275331527736,0.235565192729314,0.324545038927423,0.450076490456192,0.390650977674681,0.81561562264338,0.84720489155099,0.89371819138362,0.84371669582205,0.822809590646398,0.901792413432403,1,0.809569696249369,0.797562386407771,0.813609757369328,0.785256588192937,0.694766761156336,0.771875635600831,0.666488626615401,0.634793240001275,0.692020673866657,0.745412907156708,0.748140137415023,0.725624179089109,0.742427939781964,0.680247300182911,0.699099481666227,0.749750381759988,0.864275339309507,0.814954401468886,0.803090792167689,0.832844195301371,0.793600038803705,0.877503705203889,0.865345425879112,0.878647716856899,0.626549475327349,0.705212712556626,0.784357529537234,0.492955515767472,0.46906929337341,0.188459123208185,0.0418461317012138,0.484127588533261,0.354298727860134,0.403690674172246,0.650107940363426,0.722378003866677,0.0374085244141278,0.150864032285135,0.16490600445525,0.221268882050441,-0.165153728965151,0.227569808455632,-0.021638192566124,0.0323786740041808,0.0670959669466367
"Rock.Pigeon..Feral.Pigeon.",0.0621492370680534,0.118908211058319,0.247110061779796,0.345892363156398,0.437925847135913,0.566147347055502,0.0481675818486711,0.165523403791309,0.252371912935703,0.436879779947963,0.709275076166817,0.721532130526865,0.764010337007382,0.689226478478569,0.794547397642613,0.786274418455228,0.809569696249369,1,0.823796877761189,0.825477684128033,0.754936556107163,0.701769363148749,0.768296873584627,0.523664412331434,0.64492993354739,0.576464065192762,0.619629317571777,0.657321988825181,0.652408270271975,0.555406385670082,0.50849214102411,0.506469866601447,0.625446898246594,0.683823683268573,0.64562923523408,0.64034559975723,0.66474611869563,0.621536878871944,0.73107506743731,0.752460343757952,0.763601619681076,0.562009495732027,0.614902830787962,0.753334504961809,0.402581521977712,0.294357855882773,-0.00496291749725847,0.00968021327711186,0.329131007614661,0.309312985443905,0.333073786396774,0.573068417062795,0.662759450768679,-0.0995047968433366,0.00613317992223793,0.199498435614433,0.0405492605529791,-0.135152655514639,0.380100724411594,-0.0732864474976361,-0.0747400208424765,-0.068444610475475
"Golden.crowned.Kinglet",0.248154019067796,0.227335283393615,0.521573341242112,0.55720718749572,0.533365057604606,0.737259187620795,0.237428047672511,0.336571639944128,0.472537324077159,0.56283272904083,0.716618189703509,0.758228992783444,0.770424244959252,0.685815950502024,0.735799307542958,0.788569164875634,0.797562386407771,0.823796877761189,1,0.873805245839974,0.782161162305858,0.795174835169562,0.887559448450532,0.638478689177924,0.689101455180391,0.610840050240917,0.769526061177622,0.746890201384431,0.790892468699786,0.69178063963167,0.683729013843312,0.671744706864571,0.734341649546307,0.770836191315297,0.780615463654939,0.76570299792466,0.818559111397704,0.777060564229927,0.813015173456658,0.830978719473504,0.846494151833768,0.574355318584874,0.552513358055802,0.719674213446932,0.431079992508616,0.318197062219137,-0.00175185019901045,-0.0102946620622555,0.305024883918273,0.169461524752461,0.194160283973059,0.44475844203442,0.536575956361286,-0.192803235379153,-0.0994057009828521,0.0985092954485633,-0.0693448228232245,-0.125460147788341,0.225633478899171,-0.026466022742244,-0.0418270071524143,-0.0509741867530279
"House.Finch",0.28505130961732,0.314644013956696,0.509799123402476,0.576483552115164,0.671251817577794,0.766373388784073,0.248436038605437,0.3869806771745,0.490101109911331,0.529190654479335,0.726004332768134,0.794281074755847,0.744661673151876,0.673064176665845,0.726156012292741,0.801138954737516,0.813609757369328,0.825477684128033,0.873805245839974,1,0.849820934770037,0.751513048474514,0.800315548104742,0.655015641876579,0.694378338125539,0.609433936631685,0.802650195410117,0.754820531508767,0.827657721619836,0.708395628350943,0.714025994155931,0.655664953521868,0.705872056716433,0.755971236065759,0.776227258639592,0.773688190839195,0.798049121679119,0.766276171606142,0.855524177693663,0.848287121185124,0.839121314982518,0.625868702855429,0.613695431472594,0.67377785630674,0.419303088631056,0.349251272061366,-0.00521757149055,-0.093371976405781,0.317297456900596,0.170278283010041,0.178261633871004,0.488189440463214,0.537217087322796,-0.252171179154814,-0.184024087137215,0.13112027840941,-0.059169078824784,-0.110953926968919,0.351939878630771,-0.0688809204766003,-0.0605815896218791,-0.058663111822511
"Great.Blue.Heron..Blue.form.",0.22136625554617,0.332727365213796,0.543861907559017,0.602773919879792,0.649789450652222,0.738849905661139,0.25320614119471,0.430921485717315,0.484980008512061,0.424488302518497,0.62797295813365,0.739655027625661,0.713972916566199,0.631869502266293,0.644543290496961,0.78123978319781,0.785256588192937,0.754936556107163,0.782161162305858,0.849820934770037,1,0.762926028307641,0.785944045454393,0.68018093789888,0.752852916272105,0.644727488097919,0.82390617848199,0.750631933663403,0.809700625068645,0.733224324925983,0.719600216520135,0.719245577851031,0.775214898770928,0.749220473636245,0.778972959925623,0.762218539523534,0.7978986917777,0.797349300541577,0.872684020520648,0.83596275196399,0.843641876484708,0.604756651891715,0.582490283528757,0.742749823162872,0.428942132117428,0.562202168197506,-0.00636637763494995,-0.104840541945348,0.280623987467649,0.102242841451424,0.13179237569516,0.401578015688263,0.498077782264327,-0.325257282953729,-0.216360098396673,-0.0175836363977809,-0.116486456037009,-0.105644875021595,0.377573004227831,-0.0730942355276817,-0.0748740718617647,-0.0815552401568398
"Pine.Warbler",0.142837324065565,0.160976723266568,0.50829319271719,0.582764523672343,0.589082898594973,0.72050508925093,0.215835287468877,0.271306662252926,0.381925758812437,0.542665777181533,0.592571789130406,0.639430965929427,0.620650854805785,0.55531078984356,0.572524568112974,0.655760385119322,0.694766761156336,0.701769363148749,0.795174835169562,0.751513048474514,0.762926028307641,1,0.903001852344251,0.571594383811869,0.651663684102738,0.597445792189965,0.74359929575489,0.722205889720804,0.694348710799895,0.670278243181232,0.660719666084589,0.645671606633195,0.621897545120411,0.662902081511054,0.753920707419561,0.718714539335894,0.733664424938137,0.716627018257203,0.785313297418049,0.735341417323315,0.754035565756705,0.591093772154676,0.492358996641604,0.664420873923462,0.347927584462931,0.386130034636899,-0.0214650868465126,-0.0663628214513294,0.209762638539873,0.117226257823138,0.137423706929005,0.338246062848463,0.406294491743882,-0.234642486755407,-0.123432311864566,0.0101795716024393,-0.104718957930667,-0.131120084696646,0.220012019589919,-0.0638613029980668,-0.0759830446927545,-0.0867812261379277
"Ruby.crowned.Kinglet",0.157918325259632,0.189525162633147,0.573989068255587,0.597212670617341,0.627553790585711,0.796548583753313,0.28724970093717,0.311741228495766,0.39194089112225,0.589903257486117,0.653905154483198,0.742874235603807,0.720142368965466,0.666716500607418,0.645884899680278,0.726288086064873,0.771875635600831,0.768296873584627,0.887559448450532,0.800315548104742,0.785944045454393,0.903001852344251,1,0.659067204538104,0.701538621725543,0.665558553322018,0.814061709934312,0.7948441046182,0.777548156438787,0.766213319303991,0.726010379953759,0.733048413589857,0.720566053008357,0.745956152811585,0.812890560459573,0.785250351451055,0.821139592693271,0.787122664360725,0.817900115060326,0.787281883428235,0.82280693840898,0.672081789894602,0.562652220048924,0.766795653272532,0.373718596308412,0.425346474251058,-0.00516443202337873,0.0306179443335962,0.222067386162893,0.105281891412594,0.115758310467069,0.371936277322593,0.450240586836494,-0.23210318812001,-0.112004645256116,0.0330808700369537,-0.0887007031389728,-0.123071727085317,0.213780850332238,-0.0466897345135802,-0.0561591488558831,-0.0622320225593454
"Fox.Sparrow",0.283323734954389,0.465268815541209,0.644115647412828,0.646866971537613,0.603075406632782,0.681154777683929,0.452517737991376,0.417220213019788,0.607925673016158,0.349817424212919,0.625915781015224,0.735248108572216,0.694846254471341,0.68282540555231,0.625029435475805,0.669287997629232,0.666488626615401,0.523664412331434,0.638478689177924,0.655015641876579,0.68018093789888,0.571594383811869,0.659067204538104,1,0.786628149737073,0.678741492518077,0.731977756344839,0.74171793658638,0.770720513940367,0.833180476472953,0.79989253243031,0.77977687575808,0.744787616357475,0.788807334930404,0.790761000581595,0.808201085791904,0.807443398806172,0.811171506164327,0.773393666615902,0.785944219853083,0.764130326643596,0.590008933595485,0.564786035119923,0.621494893211244,0.515971174265319,0.481706252421572,0.0191832302825308,-0.0660283060906241,0.266681781359787,-0.00637251916136042,0.0600968565022933,0.286238544905465,0.333267533839407,-0.204638410532149,-0.0538316720641087,0.0236628371543754,-0.0025997855358736,-0.0683874480665241,0.22739395136175,0.0648558143835634,0.062103446570611,0.040947200941422
"Hooded.Merganser",0.165811815636529,0.338908942708638,0.49108664784856,0.567886906678622,0.587301246455666,0.66653542340519,0.244853113028632,0.417691484971661,0.532185202282293,0.457541009867117,0.527118723197644,0.663970119382987,0.620628463669557,0.595078921576642,0.598854529860176,0.624730568724928,0.634793240001275,0.64492993354739,0.689101455180391,0.694378338125539,0.752852916272105,0.651663684102738,0.701538621725543,0.786628149737073,1,0.662383796163459,0.716146158267393,0.748420082131477,0.804369465838487,0.718054216427256,0.672902526505013,0.680093770958203,0.74581293238618,0.692236287669943,0.700155329733977,0.709906553657861,0.72177708336925,0.768735660263306,0.738344387088199,0.780276565855619,0.741042003301764,0.528295391502566,0.553664122532472,0.714826778909871,0.441481867570679,0.397827866460312,-0.0237713651518755,-0.108606970022093,0.159938413758022,-0.0950147410335346,-0.0506175545163083,0.219508202693382,0.257858230197579,-0.375911830120409,-0.256012680198321,-0.0270213245996903,-0.200559367645218,-0.0862269470531545,0.375899531888776,-0.0613568949959396,-0.0705895392675096,-0.0854483516091149
"Swamp.Sparrow",0.370004352551919,0.255232990395162,0.62718656019945,0.623816663396632,0.583992540134441,0.632608392677605,0.321968680957586,0.427636185797669,0.501027074597084,0.275332495400686,0.674425006939937,0.797829382157405,0.704570059389892,0.765521717944492,0.620455685063124,0.722830678618952,0.692020673866657,0.576464065192762,0.610840050240917,0.609433936631685,0.644727488097919,0.597445792189965,0.665558553322018,0.678741492518077,0.662383796163459,1,0.758374145190358,0.811928239009801,0.696455083755522,0.773385224085208,0.724155849756466,0.750211336716084,0.746684828949768,0.753214364773117,0.80528098936053,0.785186625872025,0.775445226225572,0.791730043063559,0.762423730981147,0.783685457958557,0.786579625084137,0.649115145060596,0.608265282577215,0.681492960519722,0.302332154644931,0.367094132023887,0.139981013008029,0.00532949641984569,0.518662242703643,0.118612566372174,0.2303175390716,0.482413333490233,0.468200587079,-0.143965437499036,0.0521522556312689,0.164785109445349,0.108573959537406,-0.0517554653531852,0.212685339873983,0.0268490647589763,0.0545504525000054,0.0676811368496414
"Eastern.Phoebe",0.344448997364054,0.302528298728428,0.802730787722944,0.778805697799029,0.813912197284207,0.844753956167788,0.509845379097286,0.5417233671128,0.680878765338006,0.463154706639748,0.637739835460985,0.787878910178024,0.723431451700594,0.695495885430932,0.560439590170541,0.727681902881465,0.745412907156708,0.619629317571777,0.769526061177622,0.802650195410117,0.82390617848199,0.74359929575489,0.814061709934312,0.731977756344839,0.716146158267393,0.758374145190358,1,0.897980821364149,0.884128865106851,0.896122597294134,0.898424229650146,0.882914255345987,0.815859024031572,0.823710103469751,0.910223039807626,0.897492371494497,0.924373028638308,0.915551353760091,0.906367069246208,0.884434001207848,0.886369736226824,0.717063502725702,0.634313369172116,0.718767140695733,0.337866948000587,0.412955335611353,0.0217688900366189,-0.0716173717560188,0.320632616297521,-0.00812244276765779,0.0264738344107038,0.34692924846798,0.377166793598798,-0.339542925071233,-0.199123340407688,-0.0406928777800441,-0.122733578325848,-0.130642862240421,0.211104811995143,-0.0673856646612848,-0.0719713320675137,-0.0773495927298954
"Hermit.Thrush",0.284475575007725,0.292732087472384,0.724419636569396,0.759343391296593,0.775931159246101,0.823356085390757,0.466998243064509,0.472422368673743,0.65286530462705,0.374244672398744,0.654817903405851,0.821558199663477,0.749466676636999,0.741385420473669,0.635148376718805,0.72323482909586,0.748140137415023,0.657321988825181,0.746890201384431,0.754820531508767,0.750631933663403,0.722205889720804,0.7948441046182,0.74171793658638,0.748420082131477,0.811928239009801,0.897980821364149,1,0.853540490213468,0.905190080034016,0.858111585382856,0.865972027505566,0.850053544845091,0.807472004606643,0.897664812806514,0.877376044664434,0.880421811194573,0.894346862361807,0.871717963989971,0.866480281000571,0.864394078990827,0.656317526148463,0.605713653892595,0.70459033541455,0.37222817661837,0.366606830887956,0.0306073487020332,-0.0692399407057618,0.357121074079422,0.027150910734723,0.117949396857596,0.354514939407547,0.372584191976642,-0.318708935364855,-0.160255990085056,0.00368438715149651,-0.0828810175677215,-0.0828677042718143,0.186791105247175,-0.0739463824409714,-0.0669394477361876,-0.0658477145743457
"Eastern.Towhee",0.310246660724722,0.32342124804259,0.785115221148595,0.805815608650544,0.747928723514843,0.862607657062364,0.442472259205227,0.590053124837989,0.715791126672105,0.417591387379274,0.653546716992467,0.79227534551445,0.691311440245476,0.655180986452546,0.578394653923437,0.728039182169255,0.725624179089109,0.652408270271975,0.790892468699786,0.827657721619836,0.809700625068645,0.694348710799895,0.777548156438787,0.770720513940367,0.804369465838487,0.696455083755522,0.884128865106851,0.853540490213468,1,0.869763174347012,0.900358282344505,0.868523830489014,0.834596457044404,0.83317514119271,0.889994357164732,0.901434622386957,0.912588188082603,0.922098188894088,0.893698132898618,0.907264152593433,0.882141355754695,0.63429878900567,0.554386852237944,0.68652547823453,0.436959847797955,0.397028054525785,-0.0598698059313925,-0.133817344513507,0.198443768747425,-0.120867323948916,-0.0788887070583723,0.236324936988837,0.310756974429101,-0.469632890432374,-0.358541958091933,-0.118001063637965,-0.233703712810476,-0.101506527947968,0.164152307620784,-0.0706248347268442,-0.0848841433829758,-0.105589682670791
"Yellow.bellied.Sapsucker",0.374076790632826,0.405565198886092,0.834911114892625,0.849765818160739,0.76732797818024,0.836769522338595,0.5636229801383,0.548100984959939,0.696567327834691,0.381343926881989,0.716320191729663,0.813694639988971,0.769046372374913,0.766484098150518,0.58606336970191,0.722612861237643,0.742427939781964,0.555406385670082,0.69178063963167,0.708395628350943,0.733224324925983,0.670278243181232,0.766213319303991,0.833180476472953,0.718054216427256,0.773385224085208,0.896122597294134,0.905190080034016,0.869763174347012,1,0.931472753067512,0.94229094399972,0.842168818014674,0.879741106719822,0.944008574737305,0.949625505947583,0.922636922258152,0.940106837724916,0.901478988369603,0.88662161038155,0.88304834066314,0.701976202135524,0.630224707962352,0.684812386007698,0.388999352958962,0.440075596906199,0.0351887614155518,-0.0479370322298449,0.346374779593123,0.0338772122594386,0.0831843051069361,0.337426893032481,0.39679494761201,-0.257448962945106,-0.0712484283823432,0.0130217349782295,0.0164436787818259,-0.132034918003678,0.0778420987245107,-0.0309879628965787,-0.028723083074988,-0.0372717783183361
"Brown.headed.Nuthatch",0.403502536181624,0.339323593099483,0.896853063232635,0.852725242349176,0.788057455667789,0.813999342557741,0.623901488594966,0.66319770479501,0.77084610140463,0.37144660704611,0.660987230204358,0.783885416123277,0.71419849433914,0.678950833008437,0.509795762133925,0.684302952611653,0.680247300182911,0.50849214102411,0.683729013843312,0.714025994155931,0.719600216520135,0.660719666084589,0.726010379953759,0.79989253243031,0.672902526505013,0.724155849756466,0.898424229650146,0.858111585382856,0.900358282344505,0.931472753067512,1,0.957774136075475,0.807192293254745,0.856354786692235,0.935847050725784,0.940928563736813,0.93029201020292,0.952435118651022,0.896987704379281,0.881804287984765,0.877161958763871,0.636382685808068,0.524178693318192,0.600420680498962,0.433532999314578,0.411764151821694,-0.00249357906439396,-0.068455757283602,0.310193248132309,-0.0738417135719367,-0.0237248191168735,0.259344678706933,0.306110189593289,-0.363127985092593,-0.18858895745879,-0.0768019336891284,-0.113112402305636,-0.119619092397137,0.0450280780767613,-0.0277811772800187,-0.0327875806839518,-0.0459572534334026
"White.breasted.Nuthatch",0.340291200248681,0.325921907172835,0.880310844831451,0.840507746572512,0.765716503321843,0.798189794012032,0.569894521756489,0.6066149333013,0.709556222201943,0.343472091638386,0.656394179741611,0.780194406195853,0.733053923367731,0.709293104600743,0.526074958245683,0.697827587804992,0.699099481666227,0.506469866601447,0.671744706864571,0.655664953521868,0.719245577851031,0.645671606633195,0.733048413589857,0.77977687575808,0.680093770958203,0.750211336716084,0.882914255345987,0.865972027505566,0.868523830489014,0.94229094399972,0.957774136075475,1,0.837501955174873,0.873451579025288,0.94723992907858,0.936945349912322,0.922853590571706,0.954865869591578,0.888001262580048,0.869871342559531,0.884519287135767,0.620355192293015,0.536985864729573,0.624714878145529,0.359162109201335,0.388958246449286,0.0208816158373321,-0.0240069212736111,0.321424709174345,-0.0182588006863624,0.0351401723578089,0.272421216719183,0.335726107195322,-0.280188633457831,-0.12786217998359,-0.0264896694917567,-0.0538635174994686,-0.151665435572306,0.0265048534439704,-0.0462944781682601,-0.0462839722893579,-0.0531431687199863
"Pied.billed.Grebe",0.189381571232161,0.400465366971564,0.651591945997811,0.707560832727165,0.677550112924848,0.724014246098348,0.521405252850769,0.538095964395336,0.612914440082773,0.349265496614899,0.687329907922899,0.809329538896471,0.801147485654127,0.776867657257165,0.689145798038111,0.782610132156129,0.749750381759988,0.625446898246594,0.734341649546307,0.705872056716433,0.775214898770928,0.621897545120411,0.720566053008357,0.744787616357475,0.74581293238618,0.746684828949768,0.815859024031572,0.850053544845091,0.834596457044404,0.842168818014674,0.807192293254745,0.837501955174873,1,0.846715187895793,0.882277358386134,0.852902099573084,0.869281453585013,0.895824580593973,0.864585681884608,0.880128975582228,0.89938694645733,0.550114435880451,0.623456311246182,0.727892679313917,0.516911373251116,0.458568015732264,0.0563865132961263,-0.0342579164302761,0.482700774088841,0.135485390953583,0.238825800178009,0.42438730593825,0.458053525919987,-0.210063249592443,-0.0446350376306082,0.0843546873208235,-0.02340849071933,-0.127568214023444,0.127732362399462,-0.0683392493426619,-0.0440537370597697,-0.0352366771947719
"Northern.Cardinal",0.34361536974775,0.314281123651762,0.746986281895177,0.708474567625463,0.624099435981676,0.728816047367609,0.444490796733516,0.512542286516703,0.625698046467437,0.349507239880232,0.841772090052219,0.888546413772278,0.90820519389262,0.880391995993108,0.76684371037178,0.846486062553944,0.864275339309507,0.683823683268573,0.770836191315297,0.755971236065759,0.749220473636245,0.662902081511054,0.745956152811585,0.788807334930404,0.692236287669943,0.753214364773117,0.823710103469751,0.807472004606643,0.83317514119271,0.879741106719822,0.856354786692235,0.873451579025288,0.846715187895793,1,0.930294493962741,0.928694766721246,0.934294180160792,0.928281658821918,0.922685863295978,0.932337621788664,0.939880841115381,0.627770516796758,0.677104552701845,0.686125020833257,0.46957023867162,0.447143667256668,0.169627247548919,0.0429072261909661,0.507395000653405,0.272857055014152,0.325556931564285,0.565582416538387,0.645013673195193,-0.0344703975466019,0.138096195588626,0.178715518892092,0.157958074395676,-0.18180736433636,0.159556807690601,-0.0289442779505227,0.00165457525893886,0.0164930408728705
