"","Common.Grackle","Rusty.Blackbird","Hooded.Merganser","Pied.billed.Grebe","Pine.Warbler","Ruby.crowned.Kinglet","Eastern.Bluebird","Eastern.Phoebe","Great.Blue.Heron..Blue.form.","American.Robin","Cedar.Waxwing","Yellow.rumped.Warbler..Myrtle.","European.Starling","blackbird.sp.","Rock.Pigeon..Feral.Pigeon.","Eastern.Towhee","Blue.Jay","Red.bellied.Woodpecker","American.Pipit","gull.sp.","Herring.Gull","Carolina.Chickadee","Tufted.Titmouse","Chipping.Sparrow","Yellow.rumped.Warbler","American.Coot","Brown.headed.Cowbird","Red.winged.Blackbird","American.Crow","Ring.billed.Gull","American.Goldfinch","Pine.Siskin","Savannah.Sparrow","Swamp.Sparrow","Field.Sparrow","Song.Sparrow","White.throated.Sparrow","Evening.Grosbeak","Purple.Finch","Brown.headed.Nuthatch","Carolina.Wren","Pacific.Winter.Wren","Golden.crowned.Kinglet","Spotted.Eastern.Towhee..Rufous.sided.Towhee.","Eastern.Meadowlark","House.Sparrow","Mourning.Dove","Bufflehead","Hermit.Thrush","American.Black.Duck","Spinus.sp...goldfinch.sp..","Fox.Sparrow","Dark.eyed.Junco..Slate.colored.","Northern.Bobwhite","Northern.Cardinal","Bonaparte.s.Gull","House.Finch","Northern.Flicker..Yellow.shafted.","Red.headed.Woodpecker","Hairy.Woodpecker","White.breasted.Nuthatch","Brown.Creeper","Downy.Woodpecker","Ring.necked.Duck","Yellow.bellied.Sapsucker","Brown.Thrasher","Northern.Mockingbird"
"Common.Grackle",1,0.402827678073712,0.195292350577478,0.225224871578396,0.0939359867441955,-0.060826412497032,0.16056971005801,-0.0406655808279539,0.115367962901769,-0.00876417843624713,0.0150198710657582,0.0395030646080683,0.0669843396540536,-0.101400258534602,-0.0908135642724281,0.113211136937701,0.168013111890323,0.210886143471279,0.1196499103282,-0.0713670255262423,-0.171202842846083,-0.140157011062518,-0.188166133616911,-0.381295849925893,-0.289000839252914,0.291535822070516,0.0369024418402004,0.109990673245271,0.196807078283386,0.199893229394629,0.231152447323065,0.00782741857078619,0.0718248655321155,0.150452894397254,0.0399038506074884,0.0585812246698434,0.188841741830738,0.140471177199309,0.196687715822203,-0.102160496977929,-0.0491401374047467,-0.127834702681317,-0.117746437086248,-0.00575256968259764,-0.0570910258642834,0.0482685973732833,0.126575277619951,0.285608126483659,0.0715759872416509,0.0592617956656558,0.0183141512939203,0.189279684612591,0.188536110850342,0.0119542104794038,-0.0567426813708518,0.111162554253918,0.156887276745221,0.121862849091735,0.156845350788026,0.0705024338534256,-0.00116871912770729,0.0445049046747811,0.0643743728721411,0.0315484220031816,0.0652069348328608,0.0643189387458488,0.083532976683024
"Rusty.Blackbird",0.402827678073712,1,0.129132164924741,0.154770917684199,-0.0462380288722594,-0.065452313616923,0.223138137047918,0.0548881093884076,0.100545202482144,0.061548473460629,-0.0876899593093979,-0.0526272304100119,-0.0183894462168039,0.0865488895187781,-0.11147154604301,-0.0026153808606201,0.139040652273687,0.164142330512028,0.122881017186369,0.018802131317597,-0.186985502179974,-0.111710585695254,-0.0792337785475582,-0.218292163952705,-0.211448649918767,0.114628496649561,0.0919732113398562,-0.000531361569859808,0.239873868596247,0.0376504345730582,0.22192503142197,0.305481290873223,-0.0116644036928956,0.138103227484133,0.0761001721077037,0.153417509318253,0.116551652472073,0.143141004174976,0.122603951119904,0.107106975803379,0.156485225351651,0.185329504071507,0.0292070228251493,0.128590499915816,0.0560718106917035,-0.0275852450775245,-0.00879276017752541,0.299722243398762,0.136131364692842,0.0417152062254652,0.106864906166722,0.292654223875432,0.0891154158154756,0.127912965790395,-0.0416348530611296,0.33844695096082,0.239590721498929,0.250129333144511,0.202765098495579,0.247531200075504,0.172583124644772,0.223246557789157,0.189985141630474,0.164207653456768,0.218397492679967,0.0348632737325524,0.186454935786721
"Hooded.Merganser",0.195292350577478,0.129132164924741,1,0.402233206919591,0.0987409898102912,0.142165903655617,-0.0865495058572275,0.057258557822945,0.347014216968765,-0.119400326825196,-0.000699684499898894,0.00079918987586834,0.0522610868199728,0.00480710910627759,-0.115095924922538,0.228472025374809,0.095806167604992,-0.0251683286157228,0.172654461498882,0.266763556808181,0.0980656592782854,0.0464102754437337,0.246604314938442,-0.362806035603445,0.104879499163066,-0.086752122246109,0.0340080575339622,-0.176955583995494,-0.019769964743831,0.0299347841551122,-0.166300137968452,-0.186664612063123,0.0297027640897427,0.235993914471845,-0.0670004672321158,0.0965180621032072,0.183621264728374,0.0706266440909752,-0.0100808208204937,-0.071106897356461,0.0168831520500397,-0.00767698774569097,0.167864540523661,0.0124649148129544,0.0256783174209289,0.121596297624847,0.00698049177672222,0.237951923539738,0.26387601138364,0.163685905918641,0.203084952911356,0.335563685572585,0.262965896550811,0.118659443105092,0.111150880824114,0.137028616026864,0.00924807315221678,-0.0614252325550768,0.0455569065370337,0.0675315849883958,0.141372719546487,0.0966201076097064,0.0603805661570343,0.115973960054976,0.122632866652637,0.19894344502897,0.125121351833331
"Pied.billed.Grebe",0.225224871578396,0.154770917684199,0.402233206919591,1,-0.142012249535908,-0.0410494436094015,-0.0687535024965442,-0.0201045174856284,0.231822188195313,-0.117679214044904,-0.150516799334853,-0.0462008958016465,-0.0183609234072782,-0.011182288106694,-0.146651755901707,0.220694516737563,-0.239398407798217,-0.234181702078153,0.0345962985991248,-0.0347315901261637,0.222364661960279,0.0438032894461268,0.181224276986244,-0.47971797464005,0.175671218193876,0.194132866158295,-0.0401181785050492,-0.0522961172173017,0.0766646531471168,0.0590810739225962,-0.207340792536369,-0.345339470669106,-0.0638016912063613,-0.0365464139255086,-0.15436009591845,-0.00535829910115867,0.019263361612915,0.0781870789317178,-0.0411893252567223,-0.223326369306581,-0.0884278982646288,-0.0308138279300723,-0.0473601489375915,-0.206742360360306,0.00151327048251476,0.0738687685286793,-0.145571611456593,0.145989968338205,0.0532769664991397,0.0186645446705885,0.0221367096106376,0.0596321553526713,0.0200975110218948,-0.0150537583696904,-0.0220157084462812,0.173977463691357,-0.136166797871176,-0.21505502858316,-0.0914728376380427,-0.0991091587148069,0.0016133146975684,-0.00270475889573952,-0.0186631872016555,-0.00438837266102846,-0.000711312014027498,-0.0316658818146057,-0.0869515761645607
"Pine.Warbler",0.0939359867441955,-0.0462380288722594,0.0987409898102912,-0.142012249535908,1,0.693097742160533,0.239543769092474,0.22421942056849,0.175992871678933,-0.0691753361507769,0.0349948218590951,0.292016700633619,0.0094968078124108,0.0196293739127668,-0.144644241386821,-0.178154221442473,-0.165413349416526,-0.0834153892829113,0.138310490134294,-0.0106122607351249,-0.0694580932562227,0.0106120172191834,0.0495957621530659,0.0155405480081855,-0.0502118578895408,0.0403461930936592,-0.0156957179275606,0.0457137278689534,-0.00854014525274304,0.127072426649069,0.0225923278323907,0.00521933479657758,0.0120847829891448,0.152770791355781,0.0437706661099129,-0.113060200111875,-0.0973560553867451,-0.081897900019674,0.011745986798287,0.123928396891648,0.0486488209490031,-0.0645976146825838,0.29560878024526,0.0497939598786028,-0.0661015665890402,-0.015264677106279,-0.0804353163077261,0.0665004263417364,0.186738493157466,0.121658445810011,0.0967696093926662,0.0501674471797556,0.0481791565058119,0.0483445189089801,-0.140754317218605,-0.00861955888323721,0.0126254739592402,0.0209611189175232,0.0116033192563681,0.00842100055143847,-0.0116791746504632,-0.0320803695468025,0.060139127405648,0.0261021868377975,0.00173832192593469,-0.04686487645098,-0.0876359285161574
"Ruby.crowned.Kinglet",-0.060826412497032,-0.065452313616923,0.142165903655617,-0.0410494436094015,0.693097742160533,1,0.163509665486693,0.238046078101157,0.205695198822819,0.0642120915489605,0.0477125642373534,0.381064885566352,-0.0919488455488566,-0.03241482249648,-0.123935643686382,-0.0456713475248685,-0.0860264723061414,0.0177409325271339,0.291717439959428,0.13519540641164,0.0403461879485752,0.0342876358838726,0.105158435638004,0.272215375592414,0.14702204944656,-0.0759509812334245,0.0996856678261698,0.0887544839740842,0.0145534600258209,0.0699390951815596,-0.0377234569047802,-0.0689469813694961,-0.0635944285161688,0.162752776272016,0.072434643503913,-0.0166879462811328,-0.00356593728799942,-0.00804905092597242,-0.097517764267232,0.169276923143897,0.171708556847156,0.156640352037243,0.46642220113278,0.107326027043715,-0.0245767116490796,-0.0760803544021966,-0.230712688136337,0.143971431576848,0.155361810253109,0.0409090659960049,0.0711662612255641,0.0544749458072339,0.0596121739402197,0.0646324229201159,-0.162999598667769,-0.00337681964279638,-0.0233693519474791,0.0175372754977477,0.0869664449198929,0.0698537190698947,0.0859517113295837,0.0372706394096859,0.0974519739003395,0.0875165516037785,0.0862540648282641,0.170793411986682,0.0597540413507873
"Eastern.Bluebird",0.16056971005801,0.223138137047918,-0.0865495058572275,-0.0687535024965442,0.239543769092474,0.163509665486693,1,0.376612056808219,0.298475835260206,0.09156921272373,0.0727444249944823,0.327335869680498,-0.0547746741761111,-0.0526050919059526,-0.0922496667979666,0.0143304564951867,0.0697341134491194,0.219770698270362,0.163576542593228,-0.197656301497464,0.122822888978784,0.329806130117555,0.195785521453931,-0.0678131565005389,-0.0984848684961651,0.0274694748915817,0.450443885211485,0.269838113655386,0.235029971102595,0.127328170778859,0.3169253002885,0.114167787672358,0.158030642983634,0.138605953399978,0.260935218136267,0.135774020459623,0.227611514768942,0.138399343384177,0.136568149761672,0.428392667545991,0.399823887680325,0.279356233666718,0.137185274731525,0.311537529244542,0.107866025292459,0.0331700891851186,0.21169598289688,0.211611547805917,0.21499966373501,0.0892306122139933,0.0762314975430469,-0.00232486267145146,0.010596493214487,0.255651581302159,0.100982283290225,0.165187851493367,0.222020106783572,0.451228912872857,0.14697949945954,0.343820094626036,0.235194862407564,0.252368083464921,0.298531940332115,0.192556771191115,0.226686885112749,0.163327338922222,0.294686462307012
"Eastern.Phoebe",-0.0406655808279539,0.0548881093884076,0.057258557822945,-0.0201045174856284,0.22421942056849,0.238046078101157,0.376612056808219,1,0.543109821777829,0.275901171992118,0.267852108988009,0.363735228136479,0.0613742612421775,0.00445247334922013,-0.0169076670211867,0.0716544209039543,-0.138580954891059,0.0725065375891612,0.200084866339677,0.249872842025524,0.0863782762227988,0.234277977358915,0.236782829468045,0.11123125351964,0.0197134640855747,-0.269313116783429,0.0439353494323201,0.0637185208785852,0.0338013195815137,0.161231695253953,0.172999556308632,0.00513552267375673,0.165747587907886,0.301491862051181,0.215300208282562,0.119040775124923,0.141807220322199,0.0586066385436899,0.0609959232954692,0.239672365688203,0.433560647860654,0.270404298275523,0.0584375041162789,-0.014985792160912,0.101416485813342,0.0845260737979589,0.0421165475407674,0.270303115127881,0.29386485421895,0.00872845314495794,0.15106453580541,0.0844281874115971,-0.0193794289511245,0.19453806028107,0.0368116178639443,0.413082024212513,0.27925405513687,0.340640902505143,0.222900167680748,0.396965161278021,0.358078990019793,0.334758489140518,0.384879195027546,0.353131587941486,0.374084181634967,0.242068028466887,0.231855974381877
"Great.Blue.Heron..Blue.form.",0.115367962901769,0.100545202482144,0.347014216968765,0.231822188195313,0.175992871678933,0.205695198822819,0.298475835260206,0.543109821777829,1,0.0728932322039292,0.24025551556266,0.33870649427284,0.183717720602744,-0.00527572143869958,-0.0169616016409384,0.0829897517389259,-0.128131733107549,-0.147564461524275,0.513715750515439,0.295563874347488,0.102853418708603,0.125443384316761,0.196373234676027,-0.168549804180108,-0.10575915675635,-0.0755041531980498,0.0210365901347535,0.0596791951966803,0.0260455813890702,-0.126767161261224,0.230770074096839,-0.0992750765655726,0.11343432490062,0.195031529440856,0.0870220391802999,0.0496650525705059,0.0061389419798215,0.0094629504880974,0.00503412395921581,-0.00568248548350896,0.16058122351174,0.0822572382407073,-0.0831842834778517,-0.0931496618246451,0.156519467252211,0.0614208007738478,0.124420207334452,0.238330483764598,0.0483074525070464,-0.0101571969039395,0.181486185078557,0.203624787377374,-0.101489908228922,0.117011771515215,-0.0612213880522764,0.278277705788304,0.135164363513463,0.276837768594475,0.233198797784872,0.389539706701815,0.343840326526709,0.323123926162334,0.384499946809126,0.402025146972694,0.407270817877914,0.0989505854213283,0.0380257672004845
"American.Robin",-0.00876417843624713,0.061548473460629,-0.119400326825196,-0.117679214044904,-0.0691753361507769,0.0642120915489605,0.09156921272373,0.275901171992118,0.0728932322039292,1,0.362026995826965,0.474594655411246,0.0822392930623877,0.170159321124834,0.131264265453578,0.031008307788148,0.0362849019303894,0.255892435059906,0.170473430717681,-0.0203824761126764,-0.0549319979464275,0.092004882000246,-0.064333444261525,0.250368478171472,0.0354105843962466,-0.0353802674191941,0.162446276301356,0.458678871106171,0.0803466246768335,0.0996448622633203,-0.0671041283845828,0.135215389370599,0.0376447322047718,0.269997378825826,0.00128283924298883,0.109456789025107,0.11262972784165,-0.0509782733017898,-0.00460850078860092,0.0898919162818448,0.0975598498296716,-0.0596904576680122,-0.220830983521222,-0.0888871718400747,-0.0213740939484612,0.00671319355433725,-0.0325491247917108,-0.0207290659952466,0.142466093391372,0.0308616082027142,0.00974862738961426,0.0249958214900998,-0.123674001540994,-0.0971678573119398,-0.108157768769415,-0.165074879701487,-0.0464713622489347,-0.00664817806971808,-0.0157258368869219,0.152567054337328,0.00165714792150689,0.040345881844011,0.0251414672711309,-0.0150850977330902,0.040282247952421,-0.0807307758477308,0.00301002249248618
"Cedar.Waxwing",0.0150198710657582,-0.0876899593093979,-0.000699684499898894,-0.150516799334853,0.0349948218590951,0.0477125642373534,0.0727444249944823,0.267852108988009,0.24025551556266,0.362026995826965,1,0.613022217403705,0.192049590494937,-0.0145297381784168,0.28564641713677,0.0360572189793833,0.00152933480798426,0.0536974763727189,0.239279501378125,-0.00478942554437654,-0.265875740405189,0.202272985257638,-0.0147626546868462,-0.0291140414620242,-0.143182051450308,-0.0757690473071753,-0.0499237424117771,0.0999637798359307,-0.0416877800205091,-0.321696481067967,0.200118272196891,0.066064151064192,0.109284878373325,0.182262377246681,0.122915883364569,0.0950347520664472,0.0894733264621037,0.0447013684928512,0.114526347372142,-0.103216499646606,0.074232401317452,-0.112161768126853,-0.184784727322415,0.0145549969697862,0.0885030454918178,0.0781335080701569,0.0728955899505064,0.0645251187163252,0.140632692623263,0.122206705703724,0.105476112824911,-0.0390092449270731,-0.00619167189473055,0.0737741686484619,0.051939108558397,0.124195339310003,0.154374278280726,0.16819235908176,-0.0348470069922772,0.0909505770386178,-0.010917819620416,0.0327883058607246,0.0949559118972911,0.0848467757467677,0.084162803279511,-0.0762360567997357,-0.0523363359082343
"Yellow.rumped.Warbler..Myrtle.",0.0395030646080683,-0.0526272304100119,0.00079918987586834,-0.0462008958016465,0.292016700633619,0.381064885566352,0.327335869680498,0.363735228136479,0.33870649427284,0.474594655411246,0.613022217403705,1,0.220363520780923,0.0261400624401347,-0.0347912025599037,0.0673389205810212,-0.0425812224087906,0.209838468287617,0.450798861017266,-0.192163364297711,0.0358243646616489,0.315779581903589,0.0772124128927001,0.115985454954264,-0.0521555121244523,-0.261342750514312,0.0975905256166225,0.213771065018454,0.11325710435264,0.0315574861589736,0.135635309145716,0.0129323669441778,0.0861029363538054,0.278785308060141,0.177089287516319,0.157462328555395,0.161642355947891,0.0461333336465522,0.0706628607758864,0.130393217082358,0.133010370960806,0.048479319666182,-0.0530641036056873,0.00303151354103524,0.038608107052182,0.0908249767345811,-0.0903886005841853,0.0480670329100849,0.0989129463066793,0.0876740382605986,0.110789515725001,-0.00677275631464956,-0.0517544236269631,0.0409472236011251,-0.160840982804369,-0.0156076432674262,-0.089715844018811,0.0727580268231763,-0.0211437707273771,0.126829009769928,0.0568369216034207,0.0354577630201427,0.0760606934832476,0.0368580086708548,0.0572046683848157,-0.0679361123043847,-0.101170740285114
"European.Starling",0.0669843396540536,-0.0183894462168039,0.0522610868199728,-0.0183609234072782,0.0094968078124108,-0.0919488455488566,-0.0547746741761111,0.0613742612421775,0.183717720602744,0.0822392930623877,0.192049590494937,0.220363520780923,1,0.27372641931105,-0.0427027377666841,0.131877708640469,0.203102049526504,-0.00392734139500446,0.199620810462017,-0.148153055759605,-0.022783501216023,-0.0921813184266351,0.0266755137729186,-0.0361469456711079,0.124524141778909,-0.0613351674441116,-0.228090561153019,-0.103351048748001,-0.0509152965232972,-0.00542221084185101,0.0408944514157843,-0.0956757941898412,-0.0924372921564685,-0.0321020003462909,-0.00541079201327864,-0.0544705051296111,0.0494755208547928,-0.481630188916118,-0.219490683649676,-0.0549477923494802,-0.0155081327307027,-0.116235832220379,-0.138688984845585,-0.193329688787556,0.169012641255329,0.129574241991098,0.0708039482616366,0.0199283520525544,-0.00896783209715744,0.081245717973039,0.0295983313415893,0.145677083453477,0.106045259968506,0.0391417850719204,0.0752645015426836,-0.0805067465583317,0.117129658337936,-0.0452113476749834,0.041016125109934,0.0439666953475124,-0.0407336464870462,-0.0426027738218896,-0.00363679860339089,0.00697725651314507,0.023885812464222,0.059771561838563,0.0223487181997987
"blackbird.sp.",-0.101400258534602,0.0865488895187781,0.00480710910627759,-0.011182288106694,0.0196293739127668,-0.03241482249648,-0.0526050919059526,0.00445247334922013,-0.00527572143869958,0.170159321124834,-0.0145297381784168,0.0261400624401347,0.27372641931105,1,-0.0436897857977299,-0.00775816095639715,-0.141667058960709,0.0327726635510091,-0.00491617945750117,-0.0235080298650201,0.0189871783982528,0.044165746772467,0.115576816901559,-0.0556871532140843,0.26481774111174,0.0570818767053171,-0.0109485836702533,-0.17460342779213,-0.225061760548752,0.0155643370176676,-0.307390090127248,-0.0793129491353591,-0.279108795390092,-0.0817198622880323,-0.0927814908931841,0.0840230489785522,0.00280183675999865,-0.0667675043375223,-0.281167440173341,0.0438134198526785,-0.00869715309927798,0.0139906878737035,0.0255039377387778,-0.0148527689970493,0.138047847570213,-0.14568089298035,-0.149994440080765,0.0236995039488902,-0.00462866190352255,0.0152757667664225,0.00706702148661872,0.017579820580832,-0.16518571291914,-0.106145529414605,-0.175898816467337,0.0398624151098996,0.0412177644927845,-0.319972471839065,0.00794197328166816,0.0823119464860977,-0.026883451130937,0.0595064636250299,0.0316894957757526,0.0256231213194608,0.0336800753589861,0.0318237657487159,0.00856730545353038
"Rock.Pigeon..Feral.Pigeon.",-0.0908135642724281,-0.11147154604301,-0.115095924922538,-0.146651755901707,-0.144644241386821,-0.123935643686382,-0.0922496667979666,-0.0169076670211867,-0.0169616016409384,0.131264265453578,0.28564641713677,-0.0347912025599037,-0.0427027377666841,-0.0436897857977299,1,0.19395393769666,0.261521539751556,0.105264367807245,-0.0261394997153294,0.19008490871951,-0.112586993344858,0.0591920112870841,-0.00548961478724822,-0.0475016923055431,-0.0306583550455589,-0.105066144430177,-0.0149029629204693,0.133466814802599,0.330610532572147,-0.0111389288206041,-0.015924098396341,-0.042408543058636,0.017531423621117,0.163924578338886,0.0263504545222473,0.071305743845834,0.11652774258843,-0.0126420948978655,-0.0233843428911066,0.059804527059929,0.0423345978762949,0.079610017739283,-0.020924594765039,0.00624208254384734,0.0225037269203162,-0.00848878435944108,0.163071038393942,-0.0248111304154205,0.022693453616173,0.00700819572735718,0.0294876344039399,-0.02266017316014,-0.0777768490958046,0.020820741545002,0.190173556820798,0.0410471363758854,0.0853280119533121,0.0696266304007542,0.00085554060207364,0.0690939525929195,0.0165726318492832,0.0436294742471942,0.0945746839554671,0.0474970724370159,0.0546604968299092,-0.0460546581086845,0.0277656803795054
"Eastern.Towhee",0.113211136937701,-0.0026153808606201,0.228472025374809,0.220694516737563,-0.178154221442473,-0.0456713475248685,0.0143304564951867,0.0716544209039543,0.0829897517389259,0.031008307788148,0.0360572189793833,0.0673389205810212,0.131877708640469,-0.00775816095639715,0.19395393769666,1,0.361666327062085,0.246139413081049,0.0350309874537617,0.0443556023556673,0.103516962496696,-0.057959375232557,0.0557356717549468,-0.0545407978740355,0.164363868076757,-0.215081928212873,0.0196972910153107,-0.0457864688282171,0.154583307626666,0.0809543162107188,-0.0407365375727432,-0.215337462905896,-0.13941642404526,0.16443502652361,-0.08127138125791,0.222619698561158,0.215106193480481,0.0666813475348406,-0.00800605074450293,0.101193052335196,0.0786530323227452,0.241294657445235,-0.0209852960204384,-0.104271177195072,0.16362490683271,0.226910217184725,0.0258119628701404,0.335269367911424,0.243565562865394,0.0624469029565966,0.0880955277610611,0.0629837834344334,0.171283997821952,0.096852200954769,0.1125424993017,0.182506230150955,0.20243547258997,0.0962396521306188,0.337938261686648,0.177489964495236,0.20815584492678,0.22786836099817,0.214600750812829,0.211581359772773,0.23550927989462,0.327090153457861,0.143143809956208
"Blue.Jay",0.168013111890323,0.139040652273687,0.095806167604992,-0.239398407798217,-0.165413349416526,-0.0860264723061414,0.0697341134491194,-0.138580954891059,-0.128131733107549,0.0362849019303894,0.00152933480798426,-0.0425812224087906,0.203102049526504,-0.141667058960709,0.261521539751556,0.361666327062085,1,0.486375303336244,0.144158707116305,-0.0719527979999998,-0.0577806833018967,0.0206680210801245,0.0246709387464044,0.189781842813883,0.0694209794819961,-0.155614537342674,0.165609241377756,0.119017401829419,0.268916530448074,0.0894048913226814,0.221075690968183,0.0994950966769974,0.190736199270744,0.230891960338026,0.12195850586428,0.175807358977201,0.357915860694336,-0.115210017072883,0.0354900645990861,0.24474897406213,0.310067800662946,0.272618372324477,0.119585132639932,0.298590742513205,0.0767198289761043,0.209213162158103,0.24338714521117,0.287965895009972,0.0788860107856201,0.100727087737463,0.19208084211554,0.251767148121207,0.267220990749005,0.229322937969429,0.277306516122904,-0.13044539518631,0.191039384175395,0.417419084149943,0.430478298417377,0.313516849550224,0.272160384035213,0.291538291385718,0.280615699634604,0.241178720144411,0.275377861046099,0.394883804778637,0.288179488140271
"Red.bellied.Woodpecker",0.210886143471279,0.164142330512028,-0.0251683286157228,-0.234181702078153,-0.0834153892829113,0.0177409325271339,0.219770698270362,0.0725065375891612,-0.147564461524275,0.255892435059906,0.0536974763727189,0.209838468287617,-0.00392734139500446,0.0327726635510091,0.105264367807245,0.246139413081049,0.486375303336244,1,0.0911404695348796,-0.0389328350073132,-0.0373253989171918,0.380469172955577,0.201997510087369,0.328684122454218,0.195458984627063,-0.12457523314765,0.346822598733293,0.141905001100104,0.228435249955136,0.139673883341096,0.118161476651998,-0.021791647527393,0.0493562449319359,0.293658390064988,0.34327062810545,0.416726129399455,0.502433263830752,0.291391775551847,0.356326989830224,0.592465246308009,0.448700071376928,0.369329885032104,0.240347401564379,0.471387425955588,0.0607711847579284,0.127645431889908,0.150707297980629,0.0360595394082486,0.126997538105913,0.0867627943751704,0.0703888533240648,0.270073216826686,0.216238726133605,0.239960703662242,0.192658703959077,-0.155491297391628,0.0320881558234459,0.268877282901475,0.347135551547945,0.332612031015287,0.248914899152972,0.178027652694386,0.174752531049432,0.0715040434198416,0.125568228144422,0.236383481541896,0.426064883324222
"American.Pipit",0.1196499103282,0.122881017186369,0.172654461498882,0.0345962985991248,0.138310490134294,0.291717439959428,0.163576542593228,0.200084866339677,0.513715750515439,0.170473430717681,0.239279501378125,0.450798861017266,0.199620810462017,-0.00491617945750117,-0.0261394997153294,0.0350309874537617,0.144158707116305,0.0911404695348796,1,0.258544469010124,0.0792587682638101,0.171877436417004,0.101570231500052,0.0739554863978369,0.0419278925274502,-0.0460362321882277,0.132398134700546,0.216143061939577,0.158500676440515,-0.152989394694351,0.159518936974241,-0.0814399896459815,0.166529100847009,0.242958104941537,0.0238853818518767,0.056082575239085,0.0543467740449445,-0.137637272418187,-0.0588151609470049,0.0987926250869248,0.228097157030363,0.0059793791680522,-0.0775779467026477,0.068362963849707,0.122040332907421,0.184823506994179,0.114496602410509,0.18827104136884,0.0436066592598515,0.116447121464741,0.227635510863092,0.23821914514566,0.0227503690582096,0.180340452231375,0.0516700464241848,0.0158376252037322,-0.031621648620778,0.185551323063581,0.101922161406164,0.202424578965981,0.133163316567058,0.0911528006092042,0.161602638463554,0.145142475941483,0.174849399148374,0.0612066614255277,0.069390063948145
"gull.sp.",-0.0713670255262423,0.018802131317597,0.266763556808181,-0.0347315901261637,-0.0106122607351249,0.13519540641164,-0.197656301497464,0.249872842025524,0.295563874347488,-0.0203824761126764,-0.00478942554437654,-0.192163364297711,-0.148153055759605,-0.0235080298650201,0.19008490871951,0.0443556023556673,-0.0719527979999998,-0.0389328350073132,0.258544469010124,1,0.0360842632315999,-0.0484620482551265,0.0446359925108246,0.0454568855913902,-0.00645721729793252,-0.0654324163602289,-0.00515290549788208,-0.0265807916629401,-0.0359669574769849,0.0533080908231662,-0.0164538063043582,0.00761794986086225,0.119580242974204,0.278796504001493,0.00123768739637965,0.120318122765387,0.104605040207717,-0.00548121933064,-0.027936208184268,-0.0869445837815756,0.0437667218814266,-0.127883919488692,0.0805843399282126,0.00168418175127815,0.104790068127567,0.0350931872689059,0.201224322977203,-0.0343069110221861,0.0990339798556818,0.00570978519674321,0.000128815676399868,0.210305819861642,0.177239336535253,0.0457219347047161,0.174187242530409,0.302989442888602,0.208183374551965,0.0151790713302996,-0.0691344589448485,0.0386353995456966,-0.0374485830142373,-0.067211471562757,-0.0270070019994318,-0.00611455369491199,-0.00470760825019452,0.193041203715646,0.234653164992584
"Herring.Gull",-0.171202842846083,-0.186985502179974,0.0980656592782854,0.222364661960279,-0.0694580932562227,0.0403461879485752,0.122822888978784,0.0863782762227988,0.102853418708603,-0.0549319979464275,-0.265875740405189,0.0358243646616489,-0.022783501216023,0.0189871783982528,-0.112586993344858,0.103516962496696,-0.0577806833018967,-0.0373253989171918,0.0792587682638101,0.0360842632315999,1,0.343737529299473,0.331989349582724,0.164069626643875,0.151997838434437,-0.231775298351573,-0.019177394905408,-0.010295117336505,0.115688864574288,0.339965970622468,-0.154745872448343,-0.196770372434112,0.172053533815596,0.0307447299450692,0.0445775479880707,0.0526011048199956,0.0751664243295634,0.0421483924065857,-0.0385509305675379,0.31927316958577,0.051213299303943,0.0962203055802908,-0.134859976878482,-0.00427800812971906,0.0483541611553515,0.0568303401442672,0.0251392531247914,-0.0321121960376548,-0.0356497695855386,-0.077596069968941,0.0548971665207083,-0.147557408651363,-0.0950494560792677,0.0473509857047384,-0.00200802557787976,0.219497152843974,-0.140356513481768,-0.0650123082955472,-0.0022605886628926,0.0367343753930326,0.200150934271176,0.116801959660902,0.0893880848014552,0.127859798040264,0.111927996137721,0.0400445641387211,0.0459557152593265
"Carolina.Chickadee",-0.140157011062518,-0.111710585695254,0.0464102754437337,0.0438032894461268,0.0106120172191834,0.0342876358838726,0.329806130117555,0.234277977358915,0.125443384316761,0.092004882000246,0.202272985257638,0.315779581903589,-0.0921813184266351,0.044165746772467,0.0591920112870841,-0.057959375232557,0.0206680210801245,0.380469172955577,0.171877436417004,-0.0484620482551265,0.343737529299473,1,0.700206836717236,0.203137957385627,0.022609708392017,-0.0429619990243835,0.190601811575422,0.092799357700534,0.13509759472368,-0.0122536587587131,0.0940991544496994,-0.0736149830589293,0.228743081418762,0.2694453895262,0.481732683427379,0.428847589429778,0.508924032034505,0.341819980775331,0.2531086729732,0.535017819666765,0.508298391941222,0.326471665421751,0.297981464110399,0.362685734256674,0.106707768159374,0.36779248667489,0.281549180636605,0.134289890964832,0.284401170986606,0.416633301747823,0.479225261513844,0.248760967062959,0.297439793187297,0.526875979922294,0.482080079642201,-0.0148577106167303,-0.0611648650525048,0.221188702068053,0.0447128225016469,0.325824100928416,0.357812253203486,0.240126146499296,0.252584215847894,0.135304607854383,0.130143666767728,0.154423864626242,0.392509185307325
"Tufted.Titmouse",-0.188166133616911,-0.0792337785475582,0.246604314938442,0.181224276986244,0.0495957621530659,0.105158435638004,0.195785521453931,0.236782829468045,0.196373234676027,-0.064333444261525,-0.0147626546868462,0.0772124128927001,0.0266755137729186,0.115576816901559,-0.00548961478724822,0.0557356717549468,0.0246709387464044,0.201997510087369,0.101570231500052,0.0446359925108246,0.331989349582724,0.700206836717236,1,0.21989930646039,0.180422283716995,-0.0915013338194485,0.0858026752682774,0.01479256218058,0.0533957692297825,0.0131383359777083,-0.0312239049451091,-0.138456579250669,0.139268175284274,0.181416936356481,0.262090045947775,0.377961941951466,0.39647827146516,0.222035367313261,0.140159978497206,0.442429210962113,0.513133252865595,0.402824203864963,0.342137656911101,0.0400040334523326,0.168560851390244,0.366760749828812,0.222053455348828,0.229789936097839,0.382536733387047,0.326187423668683,0.430837055582023,0.329735994247056,0.307053018069911,0.443765056904911,0.413585554507274,0.0788931562765594,0.00785907543074974,0.195204308310509,0.206597540755491,0.41035061590591,0.513791474662773,0.378250321109536,0.398932372866684,0.321567100703671,0.317779105117865,0.223023184922604,0.504896669532854
"Chipping.Sparrow",-0.381295849925893,-0.218292163952705,-0.362806035603445,-0.47971797464005,0.0155405480081855,0.272215375592414,-0.0678131565005389,0.11123125351964,-0.168549804180108,0.250368478171472,-0.0291140414620242,0.115985454954264,-0.0361469456711079,-0.0556871532140843,-0.0475016923055431,-0.0545407978740355,0.189781842813883,0.328684122454218,0.0739554863978369,0.0454568855913902,0.164069626643875,0.203137957385627,0.21989930646039,1,0.211935349373135,-0.27585704924569,0.0113276313568309,0.0786667133486243,0.0391718048342362,0.0451550003680638,0.0318170623300522,0.0848020900178911,-0.119951483498046,0.035810910372726,0.155674360571631,0.0903297822850511,0.0944209329460987,-0.0691065700858471,0.0476630058820992,0.35345970204506,0.341473267722127,0.222121374452008,0.1799560847009,0.12098287354066,-0.0378806093286499,-0.0118787011162731,0.00611596655264145,-0.0306386164770085,-0.0147099885481444,-0.0271212735653085,0.0429591953337949,-0.014099173292635,-0.00626024364816103,0.0694628691958871,0.0372252919626105,-0.315823906973875,-0.17926277928986,0.168888468783397,0.151567066005786,0.117602937763834,0.151328864587931,0.0931110076376212,0.0909530343669774,0.0715577907875812,0.0804687779106442,0.0505448015717572,0.136174971814535
"Yellow.rumped.Warbler",-0.289000839252914,-0.211448649918767,0.104879499163066,0.175671218193876,-0.0502118578895408,0.14702204944656,-0.0984848684961651,0.0197134640855747,-0.10575915675635,0.0354105843962466,-0.143182051450308,-0.0521555121244523,0.124524141778909,0.26481774111174,-0.0306583550455589,0.164363868076757,0.0694209794819961,0.195458984627063,0.0419278925274502,-0.00645721729793252,0.151997838434437,0.022609708392017,0.180422283716995,0.211935349373135,1,-0.111590477571444,0.0312034947190066,-0.150783777496517,-0.115786010223271,0.0610585064635664,-0.462404512649064,-0.461483414904041,-0.23010060150215,-0.226397659957993,-0.182538507787413,-0.0691728384797617,-0.0631971288290277,-0.281910746882415,-0.295653140454306,0.2636069242021,0.292447256857881,0.155070750969001,0.0994945249668275,0.0333151892183698,-0.0244207950825071,-0.122101913662585,-0.179546517613667,-0.0348596606922772,0.0340262693663288,-0.0308461145547162,-0.00133781183169817,0.086133900106087,-0.108374005390131,-0.000152416619441681,0.00527291396949685,-0.109768016049248,-0.216285892549165,-0.211745706436699,0.0812309129562449,-0.084216674136883,0.0485397615106832,0.0133434338022089,-0.00322474208554752,-0.0027486421609155,0.0168585401151666,0.136293419759379,-0.0137119520554304
"American.Coot",0.291535822070516,0.114628496649561,-0.086752122246109,0.194132866158295,0.0403461930936592,-0.0759509812334245,0.0274694748915817,-0.269313116783429,-0.0755041531980498,-0.0353802674191941,-0.0757690473071753,-0.261342750514312,-0.0613351674441116,0.0570818767053171,-0.105066144430177,-0.215081928212873,-0.155614537342674,-0.12457523314765,-0.0460362321882277,-0.0654324163602289,-0.231775298351573,-0.0429619990243835,-0.0915013338194485,-0.27585704924569,-0.111590477571444,1,0.00785023115620624,0.0102101919789772,-0.173593945685925,-0.0759417974329074,0.00759761321811514,0.131656295357244,-0.00789429832816631,-0.186272879524549,-0.0773591330287488,-0.0753981098758307,-0.0873039346731513,0.01980477154816,-0.00530046627190632,-0.100915772753307,-0.0885147130549571,-0.145944653870816,0.0548940878934136,-0.0469599983120327,-0.0341210496068452,0.0349089817954462,-0.0713788893057648,0.113826722462841,0.0278977262371198,0.163476537739605,0.0561598715699988,0.0558260945590483,0.0632936178115708,0.0301371386878038,-0.0113125315931797,-0.067459728649936,0.122220623875682,0.059427640479642,0.0338831294769057,0.024876389231218,-0.0740446965210694,0.0016018862613595,0.025895386581966,0.00263794514953777,-0.0152622585613607,-0.0474382691280913,0.101359105468358
"Brown.headed.Cowbird",0.0369024418402004,0.0919732113398562,0.0340080575339622,-0.0401181785050492,-0.0156957179275606,0.0996856678261698,0.450443885211485,0.0439353494323201,0.0210365901347535,0.162446276301356,-0.0499237424117771,0.0975905256166225,-0.228090561153019,-0.0109485836702533,-0.0149029629204693,0.0196972910153107,0.165609241377756,0.346822598733293,0.132398134700546,-0.00515290549788208,-0.019177394905408,0.190601811575422,0.0858026752682774,0.0113276313568309,0.0312034947190066,0.00785023115620624,1,0.608711386043552,0.0946868612063425,0.00705869163394957,0.0495593831002762,0.029243679858383,0.0510046598905271,0.275110844866773,0.184803083468317,0.266043505773739,0.24879080318615,0.140538400588974,0.0373931435285136,0.240242333881931,0.281076998831563,0.233547124755971,0.184212595322313,0.426336464291668,-0.045825772991897,0.111823395763062,0.0984975892050675,0.0331487446213114,0.0866186123904333,-0.00906796412503176,0.00266020145517274,0.0253954723508816,0.0371371979732436,0.131892054845249,0.140155968350594,0.040905739058903,0.0401903614115694,0.283114228708406,-0.0276949562535867,0.136004674538772,0.0410144877932347,0.0906733305877115,0.0638299879318494,0.00250625203714968,0.0180745504945595,0.138683213205145,0.344612237147348
"Red.winged.Blackbird",0.109990673245271,-0.000531361569859808,-0.176955583995494,-0.0522961172173017,0.0457137278689534,0.0887544839740842,0.269838113655386,0.0637185208785852,0.0596791951966803,0.458678871106171,0.0999637798359307,0.213771065018454,-0.103351048748001,-0.17460342779213,0.133466814802599,-0.0457864688282171,0.119017401829419,0.141905001100104,0.216143061939577,-0.0265807916629401,-0.010295117336505,0.092799357700534,0.01479256218058,0.0786667133486243,-0.150783777496517,0.0102101919789772,0.608711386043552,1,0.181823981377992,-0.0206818372829548,-0.0262077885571039,0.0180000514774757,0.0598995989707165,0.231676818306043,-0.0356503661674178,0.0192065931493302,0.0941530557828749,-0.0171436621599083,0.0145623739908861,0.0641810336077174,0.116467993484529,-0.0312177522569826,-0.207836274351153,-0.0328008451542394,-0.0520326319680164,0.254745604522815,0.165222850796437,-0.0427717223811111,0.0498158738532286,0.00786696871376402,0.033103176188113,-0.0700661466097987,-0.0858562453590108,-0.0286745339248962,0.0743732385469624,-0.0989763485911921,-0.0444271076001776,0.183055752826402,-0.0226344674423302,0.11764292330318,-0.0109370843309001,0.0499345574388858,0.0686405322062703,-0.00823879630991002,-0.00271302478524702,-0.102268638415435,0.112944536105052
"American.Crow",0.196807078283386,0.239873868596247,-0.019769964743831,0.0766646531471168,-0.00854014525274304,0.0145534600258209,0.235029971102595,0.0338013195815137,0.0260455813890702,0.0803466246768335,-0.0416877800205091,0.11325710435264,-0.0509152965232972,-0.225061760548752,0.330610532572147,0.154583307626666,0.268916530448074,0.228435249955136,0.158500676440515,-0.0359669574769849,0.115688864574288,0.13509759472368,0.0533957692297825,0.0391718048342362,-0.115786010223271,-0.173593945685925,0.0946868612063425,0.181823981377992,1,0.358051159141364,0.309373555795473,0.0273467769563597,0.22413753169393,0.259085969869832,0.220409665936913,0.139851019900464,0.27251495814208,0.138046931027805,0.173752969306527,0.274591712559935,0.171874888106185,0.214134405657958,0.104671898119317,0.191737013730171,0.123943824727698,0.0600273348413597,0.279553604454971,0.0492622851435382,0.0366019241866819,-0.02309993724287,-0.000934615620573456,0.0463943363748831,0.102720380948101,0.140625013674958,0.146605481794253,0.081923692579523,0.0269051714891984,0.131606726662721,-0.00187666999996848,0.0885684689376444,0.0548767324177826,0.029401841431518,0.0593864151050655,-0.0231788500269846,0.0209038972620767,-0.0360939518631939,0.104408173066798
"Ring.billed.Gull",0.199893229394629,0.0376504345730582,0.0299347841551122,0.0590810739225962,0.127072426649069,0.0699390951815596,0.127328170778859,0.161231695253953,-0.126767161261224,0.0996448622633203,-0.321696481067967,0.0315574861589736,-0.00542221084185101,0.0155643370176676,-0.0111389288206041,0.0809543162107188,0.0894048913226814,0.139673883341096,-0.152989394694351,0.0533080908231662,0.339965970622468,-0.0122536587587131,0.0131383359777083,0.0451550003680638,0.0610585064635664,-0.0759417974329074,0.00705869163394957,-0.0206818372829548,0.358051159141364,1,0.0873221015679326,0.095009324643736,0.216358983475585,0.12674717419407,0.0505326452135443,0.0536252442010764,0.205651995954501,-0.00944937110797158,0.0209023610650638,0.181825321350959,0.0174647861600812,0.049206746480912,0.179134540301771,-0.00589602694688712,0.0098813248310049,0.0166431192678859,-0.0181958430212833,0.0900095205739002,0.18318445702083,0.0530848085495934,0.0107113256522896,0.0365801325209094,0.113500034296201,0.00800514821718755,-0.092760630977607,0.110472757717808,0.10035893648598,0.0443481292677023,0.0846681715418336,0.0402446731189915,0.0561434140860214,0.0456807785810147,0.0326231359445749,0.0186133510503552,0.0354943873316721,0.199199424439992,0.0943217042899788
