"","Blue.Jay","Red.bellied.Woodpecker","Northern.Mockingbird","Brown.headed.Nuthatch","Carolina.Wren","Mourning.Dove","Northern.Cardinal","Rock.Pigeon..Feral.Pigeon.","Evening.Grosbeak","Purple.Finch","Dark.eyed.Junco..Slate.colored.","House.Sparrow","American.Goldfinch","Pine.Siskin","Savannah.Sparrow","Swamp.Sparrow","Field.Sparrow","Song.Sparrow","White.throated.Sparrow","Eastern.Bluebird","Eastern.Phoebe","American.Crow","Ring.billed.Gull","Yellow.rumped.Warbler","Herring.Gull","Carolina.Chickadee","Tufted.Titmouse","sparrow.sp.","American.Robin","Chipping.Sparrow","American.Coot","Golden.crowned.Kinglet","Pine.Warbler","Ruby.crowned.Kinglet","Red.winged.Blackbird","Common.Grackle","European.Starling","Brown.headed.Cowbird","blackbird.sp.","Cedar.Waxwing","Yellow.rumped.Warbler..Myrtle.","American.Pipit","Great.Blue.Heron..Blue.form.","gull.sp.","Fox.Sparrow","Hooded.Merganser","Rusty.Blackbird","Bonaparte.s.Gull","House.Finch","Bufflehead","Hermit.Thrush","Eastern.Towhee","Pied.billed.Grebe","Eastern.Meadowlark","Red.headed.Woodpecker","Spotted.Eastern.Towhee..Rufous.sided.Towhee.","White.breasted.Nuthatch","Downy.Woodpecker","Ring.necked.Duck","Yellow.bellied.Sapsucker","Northern.Bobwhite","Northern.Flicker..Yellow.shafted."
"Blue.Jay",1,0.565968981026157,0.274875450109619,0.302126363849198,0.365359168774168,0.215714337958783,0.286524493946666,0.365254083523347,-0.103922699288785,0.0182801919883852,0.224646615844462,0.00839679872669885,0.213107699105103,0.162705396434074,0.173452656864291,0.187343746518703,0.0971290965778167,0.257474538595753,0.419634907288013,0.161174578489847,-0.0609818833722779,0.382683131153006,0.176010274380799,0.138202167798755,0.0127593139991293,0.0481243015778014,0.182059491261297,0.0428549144852514,0.140787375431096,0.248038551164265,-0.0776224786240071,0.179109379820921,-0.15056192057632,0.00247204297762097,0.00785029590160371,0.0538449500493565,0.0828567049602119,0.192241324521451,0.0686972822584219,-0.00383267838089603,-0.00549636018465395,0.118046089979489,-0.023235361735341,-0.0602715701327614,0.317681131922411,0.150208118557196,0.104463279103654,-0.134306304244708,0.125983646826167,0.392418118593338,0.179522174998741,0.361234937395183,0.00580540954066323,0.131671473010957,0.459792932230808,0.467114935104543,0.309351680437396,0.325841590113084,0.283278941017149,0.330464116257858,0.218827033908449,0.410275720421471
"Red.bellied.Woodpecker",0.565968981026157,1,0.319265598653911,0.513571694058578,0.456834706667963,0.0588370131691176,0.121375670430453,0.17980267416692,0.0860552625078696,0.0994489558109415,0.153714745367581,0.0429384745769283,-0.105582407805692,-0.0393843227138391,-0.0502111330667622,0.149449995753653,0.0235625580053863,0.282872681736528,0.449036827029826,0.187479485155329,0.133533350328688,0.320431789456327,0.303347977316548,0.400100151801826,0.132708223922727,0.374455508840584,0.391742361896837,0.0305853893569033,0.355783189748202,0.418685904707474,-0.00176391081260155,0.161486407041633,-0.0213043831346951,0.0931865652005241,0.0882103456045288,0.117465486774261,0.130447585373996,0.0352781180465416,0.0590933005169046,0.0463985130246978,0.191477834502068,-0.0427317069862826,-0.098861025224383,-0.0396994169851272,0.291728514948437,0.127051731814665,-0.0511697703827907,-0.137731593920512,-0.00604053903834121,0.157059308946887,0.221736872442506,0.399971190437161,0.0242069359374525,-0.0169393156566598,0.377671008972107,0.125494154602087,0.205133179144873,0.176734212955978,0.0885271109663769,0.141060072846755,-0.0335084076002563,0.0650236781461544
"Northern.Mockingbird",0.274875450109619,0.319265598653911,1,0.504976628409656,0.533900880700437,0.186074942641416,0.370932160202651,0.0952272074598838,0.253339008253612,0.176230165507863,0.443714782880163,0.307830952379943,0.101226010093715,0.247593656254451,0.128914434063349,0.165091677966144,0.260948637058727,0.388340479919721,0.50706480132734,0.188012428997599,0.262282767591204,0.138452073948894,0.190321235007858,0.0567407651485132,0.179960463760363,0.248265108256789,0.476839203618633,0.0456793069636697,-0.0981423416878168,0.223892099905439,0.164906782653358,0.431033290392507,0.00664762383631045,0.161405593427331,0.0149066676801093,0.0409993719308605,0.0553377022559754,0.0624580979523797,0.0522322312959271,-0.182165574969643,-0.228993703574355,-0.129922130587634,0.116001538095123,0.27844090838664,0.302972968615956,0.263321125349386,0.091272179793508,0.261175808461108,0.378145645970562,0.314001322628796,0.543761006208918,0.222193243152006,0.19470339369673,0.26804868272207,0.388891463082839,0.390698014668963,0.478636608549653,0.437899147966728,0.418318247087497,0.424663867025262,0.306805370583933,0.324055440462104
"Brown.headed.Nuthatch",0.302126363849198,0.513571694058578,0.504976628409656,1,0.633987162456283,0.0199065162106449,0.150685728509854,0.05359683233359,0.0875118732896482,0.0611728072766799,0.149187651611968,0.159728998954271,0.00549467539787085,0.138451140895744,0.219964309602031,0.178558636367974,0.186236508716187,0.225370106624137,0.31512828871718,0.437075751384195,0.299066554310157,0.379254039496151,0.255880877648841,0.392943816093945,0.481655139846599,0.469732170043992,0.541630431635315,0.0249140728834579,0.13733777748468,0.457882476217816,0.0907132970413803,0.227736775795664,0.136191335921435,0.190015313177671,0.0796241359417948,0.0697162228540508,0.0768234105285091,-0.00135913232711857,0.0190860103787205,-0.267040802454768,0.0454325929675391,-0.0284516240880516,-0.0136102719103002,-0.0977985370514789,0.201274085179248,-0.042313059102448,-0.16304706101857,0.0816509177216958,0.148396750933346,0.10252216039525,0.359781527793981,0.211022210246357,0.0753432471597359,0.126345122454948,0.295719743666625,0.305889151010883,0.44728371533327,0.388135945876375,0.318682173827237,0.339480387200015,0.161485403186213,0.145208536233678
"Carolina.Wren",0.365359168774168,0.456834706667963,0.533900880700437,0.633987162456283,1,0.107794149063152,0.409962639266075,0.0680994705603581,0.0790837814074263,0.0409232704111114,0.227331746576948,0.0978802590707687,0.16362269665262,0.00538956393986587,0.0553919556661167,0.0976233121959047,0.101228008413936,0.131519623532576,0.314810179361498,0.449361155036151,0.528552274573304,0.357398964964293,0.132793033835974,0.396674955339855,0.14470597988102,0.492783986545461,0.62253609657395,0.0502924286135798,0.107029859249159,0.47406615634624,-0.00284259180576531,0.366988675055096,0.0609285365036246,0.248583700688043,0.0713909131719928,0.093323619411924,0.107358081899458,0.111446753998498,0.0524742970065048,-0.00910727319274073,0.104381814964987,0.0670558359338799,0.20691052556754,-0.0143239157045361,0.367967549322172,0.0810124783527088,-0.0388508479416384,0.157903937648469,0.201886208414441,0.484022067297056,0.54187354978145,0.253952591205608,0.351796748962763,0.151956713234575,0.438909629239851,0.54283393056037,0.624061887746868,0.628778251130253,0.552076223982781,0.575736984417108,0.413999922461574,0.534432103038666
"Mourning.Dove",0.215714337958783,0.0588370131691176,0.186074942641416,0.0199065162106449,0.107794149063152,1,0.328886350623697,0.222254385548301,-0.109097891935124,0.279683641266773,0.130123580750857,0.20751396446782,0.342448590222146,0.0751494941652938,0.361526989604797,0.165729479525475,0.232097247734802,0.13832009502272,0.365584664678275,0.156951535407042,0.0870401572003572,0.264061652261062,-0.00209139435587011,-0.193531850671758,0.0632929273560559,0.222345549325885,0.123882986699184,-0.0328049965224215,0.0106312056044791,0.0309542037543657,-0.0521854030511963,-0.0201430503512206,-0.121551667600189,-0.158082022656301,0.0272866932677572,0.0166670495120589,0.00688448480566038,0.0261593882194165,0.113258410163165,0.146679211675672,0.00483523919706311,0.0753878863682943,0.200878880840289,0.175716833490624,0.0373902613124306,-0.0326080273971996,-0.100744362524889,0.0307060445505862,0.0596729582398896,-0.00410431225062003,-0.0374411503685028,-0.0303440875675712,-0.107393092663674,0.183756044197397,0.0483604081819094,0.186822890639642,-0.0112201406291118,0.0372907043459071,0.00309849434234918,0.0103314588313213,-0.00583244588991597,0.21737021182011
"Northern.Cardinal",0.286524493946666,0.121375670430453,0.370932160202651,0.150685728509854,0.409962639266075,0.328886350623697,1,0.348350553023712,0.0301030120254265,0.0349363637961238,0.311054834886117,0.088110091750997,-0.113771122621202,-0.134155446699088,0.046312585658963,0.0368244871079033,0.0964627644552319,0.0833892676053477,0.316778196444902,0.096942417413193,0.0349751055212877,0.357680393993791,-0.0110589661478962,0.215173490212561,0.14529105781449,0.309830405067744,0.450600695758443,-0.0176835635401667,-0.123419923354623,0.198790764154961,-0.102528313902942,0.290077927117254,-0.20985807244213,-0.0120252336667346,-0.114748509036451,-0.0799839926032696,-0.0487053089777508,0.099589710601086,-0.00367905702201028,-0.200973861552584,-0.328348181254048,-0.098524808602365,-0.0983260796566975,0.180259782489948,0.176769449431139,0.272251429705303,-0.157007390323029,-0.0436428988750053,-0.00550125945219734,0.150768851371595,0.162577751047716,0.197854241827916,0.162725711389398,0.00370860908374738,-0.0613126210616827,0.107950330119403,0.0924205869709437,0.0530732254022232,-0.00597861866870904,0.0190630692544061,0.186324703923067,0.0998607365222417
"Rock.Pigeon..Feral.Pigeon.",0.365254083523347,0.17980267416692,0.0952272074598838,0.05359683233359,0.0680994705603581,0.222254385548301,0.348350553023712,1,0.116068762884497,0.0618501834630443,0.0663715338497541,-0.00324912821351881,-0.0482075410195481,-0.0696314277635863,0.0540907972887343,0.133371513780338,0.125153549699826,0.0460117314006881,0.128935053061813,-0.121038519535313,0.0691310462784407,0.277941749314164,0.118667256324228,-0.0288053257598049,-0.049332218065783,-0.00355585364004379,-0.044686693890129,-0.0250729518926046,0.061099744737033,-0.0278236531090256,-0.14401130292335,0.0920058447181549,-0.108987468421297,-0.0808015514879766,0.00068966712635596,-0.0191013817948744,-0.0302077653384995,-0.0100571425535986,0.146506990974015,0.0782467887846942,-0.220789888713239,-0.243997579827122,-0.163872161061007,0.197258204858171,-0.0282195246659944,0.00676260957910147,-0.163027930341355,0.0887309900606802,0.00431520516040222,0.0984893476980645,0.154362920226664,0.124341550354077,-0.0631494328181315,0.00131508233499477,0.0231917525626397,0.169223476139135,0.099553626553488,0.102734129512003,0.0873947184549092,0.0908682998495261,0.156959115242929,0.0965280141540941
"Evening.Grosbeak",-0.103922699288785,0.0860552625078696,0.253339008253612,0.0875118732896482,0.0790837814074263,-0.109097891935124,0.0301030120254265,0.116068762884497,1,0.600718870468921,0.313011770371163,0.442825439886644,0.20355553120642,0.146852891811811,-0.00194607211457836,0.151181803969793,0.241178789524332,0.227721184409505,0.133789616904959,0.0272473026543652,0.0751261101421668,0.135156867553708,0.00420232918064805,-0.285532036042441,0.0455257174246137,0.18970659527042,0.195387982000782,0.0218301174129881,-0.0854658919552879,-0.0969246676172121,-0.0262212397576266,0.136534904828449,-0.0875749221573085,-0.0465866277831879,0.148261066082907,0.102448362070791,0.0495640220412097,-0.1450078949976,0.0491313768464623,0.0994648504131992,0.0164634190999207,-0.21061928744288,0.0676259592722937,-0.0502458687814535,0.0580991969503443,0.136958197043878,0.0667374656238725,0.223281258112595,0.357178315662168,0.206887649284474,0.244421485699285,0.175816377658541,0.238649312669721,0.275632717806929,0.0964438740495934,0.0473447530599655,0.307532602879458,0.257032225156828,0.271271414270004,0.247817907488062,0.222748651242504,0.0697046997298013
"Purple.Finch",0.0182801919883852,0.0994489558109415,0.176230165507863,0.0611728072766799,0.0409232704111114,0.279683641266773,0.0349363637961238,0.0618501834630443,0.600718870468921,1,0.365765458305212,0.479750284301302,0.425881287086773,0.346299964282594,0.152836153312397,0.23914200647777,0.334756707887897,0.264329652674789,0.253275850156643,0.0496032172733873,-0.0116453167690042,0.251741644999607,0.0440339759515431,-0.390549481449898,-0.0435455879585938,0.0870119088042364,0.028881313630483,0.0257932148385544,0.015407502629845,0.0649035905083088,-0.0216440074260963,-0.00926644731216423,-0.109028791136937,-0.135223791257381,0.172679030863413,0.089484879334553,0.015441636343812,-0.234033085961718,-0.0639513994339907,0.145216343633651,0.0603852852989948,-0.139291802620358,0.0137454864449137,-0.0692778602984951,0.074933374664524,-0.0112527937992298,0.06153257275518,0.00550854689230394,0.223805316116741,0.0984340295049289,0.117144588717807,0.0559646738236378,0.0054921692372507,0.135344910562131,0.0600140048738825,-0.00583887626861001,0.10365852738913,0.07913494359003,0.076266872688201,0.0877889948030347,0.126236081489429,0.220763887285837
"Dark.eyed.Junco..Slate.colored.",0.224646615844462,0.153714745367581,0.443714782880163,0.149187651611968,0.227331746576948,0.130123580750857,0.311054834886117,0.0663715338497541,0.313011770371163,0.365765458305212,1,0.502935663694791,0.263506234954406,0.203510589349766,0.132788128820317,0.235178336423526,0.176435418562742,0.265678826366502,0.491121799427878,0.0342517109485835,-0.00119943644965517,0.243268992835783,0.226225712729769,-0.0562136964051574,-0.0507330076011284,-0.018677732737049,0.154847626613276,-0.108459953366055,-0.121011869256335,0.0811504516226147,0.0454402997047815,0.36318251199222,0.0672585332666079,0.127835470682576,0.0373205912409445,-0.00536884684643549,-0.0493463317389906,-0.130988225180962,-0.10252351640622,-0.10371532077259,-0.170311245917878,-0.148564495410357,-0.0518987438631552,0.274180483439475,0.433344613757659,0.318114579151648,0.0357835223338613,0.0684033673798085,0.38033876178934,0.193843815020251,0.391585867161542,0.282388341151472,0.0726547274615158,0.13031904100564,0.0347405683099619,-0.0170498432359362,0.0571105007041229,0.0306061973958551,0.00957841969196136,0.0375374284738511,0.216360594149772,0.122376091944295
"House.Sparrow",0.00839679872669885,0.0429384745769283,0.307830952379943,0.159728998954271,0.0978802590707687,0.20751396446782,0.088110091750997,-0.00324912821351881,0.442825439886644,0.479750284301302,0.502935663694791,1,0.311261051447494,0.146578995549725,0.148168703002462,0.116019805264387,0.167385907184161,0.127942110896097,0.173101997275586,0.0373672923087393,0.0838250792353883,0.147201528189553,0.0071196229625593,-0.211216068842318,0.0991841993910569,0.140223230568507,0.164836442195251,0.0597269569999397,-0.0889986205650341,-0.012096891699348,0.0234015739110238,0.0405763100456883,-0.0328438628009901,-0.116594325519284,-0.103287719361495,-0.108062581438506,-0.104371323715917,-0.0872346638711291,0.0198462233815294,0.069125375608949,-0.00811180145674235,-0.0436423988063317,0.0790346890477246,0.0216543870868135,0.0867299701347652,0.00906543411307933,-0.0486804882523279,0.0924047015478021,0.257858303863594,0.138853073078068,0.286170753651374,0.213573818271431,0.186679276587496,0.472330504478537,0.12166333102338,0.0303597846574656,0.195290301033287,0.190313468315939,0.178683614700756,0.173409988794598,0.178518048648861,0.162148102203268
"American.Goldfinch",0.213107699105103,-0.105582407805692,0.101226010093715,0.00549467539787085,0.16362269665262,0.342448590222146,-0.113771122621202,-0.0482075410195481,0.20355553120642,0.425881287086773,0.263506234954406,0.311261051447494,1,0.576150969621429,0.425714217011154,0.263339782585217,0.4895050958371,0.173090097837205,0.126383677484008,0.284065830400027,0.219202001639153,0.260253628332204,0.149614757292568,-0.499376066138371,-0.067858933504896,0.0421661997278206,-0.0339866001238187,0.053244835114384,-0.00305487337956834,0.0759818857519646,0.00670043725073135,0.0597572394075774,-0.0402726800511587,-0.0765707969211243,0.0854370256069881,0.0299342268741982,-0.0183937127385912,-0.0666977324764833,-0.0658229433187421,0.244682810435158,0.152239358624314,0.0933692698395867,0.274253167037416,-0.0409007520788289,0.0839282780407666,-0.166768561355606,0.235049324336103,0.285246968811745,0.487402532157238,0.301430759435079,0.121424795046285,-0.0977744079890178,-0.0246194343492502,0.268864540558027,0.214213964270236,0.323169448420353,0.232436719666536,0.271229776911523,0.301040839867425,0.290148398435017,0.36484156061031,0.595292062743943
"Pine.Siskin",0.162705396434074,-0.0393843227138391,0.247593656254451,0.138451140895744,0.00538956393986587,0.0751494941652938,-0.134155446699088,-0.0696314277635863,0.146852891811811,0.346299964282594,0.203510589349766,0.146578995549725,0.576150969621429,1,0.387647784714695,0.39788629342175,0.371550792947379,0.397040219169774,0.233005737204654,0.11916947748399,0.0613593905247307,0.148598930309182,0.133250814940575,-0.510935088070731,-0.101036376409324,-0.0495571861404481,-0.075845329672343,0.0527289720299313,0.249164992294032,0.18443467707544,0.152897045714072,0.137124772917851,-0.0252089102354532,-0.0415347472555134,0.0371926746533822,0.0160890316467441,0.00704894619796537,-0.0460862690411408,-0.0258354591736861,0.06074203109379,0.035901360924387,-0.119172753507263,-0.0597844547129371,0.0161156185272597,-0.048180251840807,-0.165118547788559,0.351088091381067,0.124840220365541,0.371252264067316,0.0428286822216654,0.0999404079079768,-0.201551526011049,-0.332185912834351,0.0611878994996031,0.00715039644797311,0.0453041154281151,0.0238644671018151,0.0204401169255598,0.043414889545567,0.0502372972764435,0.0572688780659251,0.292670841815969
"Savannah.Sparrow",0.173452656864291,-0.0502111330667622,0.128914434063349,0.219964309602031,0.0553919556661167,0.361526989604797,0.046312585658963,0.0540907972887343,-0.00194607211457836,0.152836153312397,0.132788128820317,0.148168703002462,0.425714217011154,0.387647784714695,1,0.496922908350582,0.397517439396744,0.248709766734842,0.31579670202533,0.30371993293123,0.185139688000131,0.267080129082396,0.279763557471001,-0.288934165789464,0.297499289069785,0.219517359116323,0.0586326261693189,0.0222268295621283,0.0967023107157533,-0.128354150852675,0.0796473029571155,-0.105789142257423,-0.0151380808824762,-0.0811097086033496,0.0647448861096182,0.0832278708525397,0.0897351962829341,0.0995143491069137,0.1399488075933,0.0161668340917789,0.0858829967730554,-0.0272479575972414,0.0744865637207711,0.0823307118497771,-0.0713491293316505,0.0259678687032733,-0.0369810186489343,0.20139434864252,0.231774006735626,-0.0711017617739687,0.129095050385728,-0.0268444624743949,0.0480596126138328,0.124751150924896,0.0261849996116239,0.138021552476136,0.0431100771392497,0.0494131033151845,0.0223556401815954,0.0266994787305531,0.0584628971375319,0.163197377530706
"Swamp.Sparrow",0.187343746518703,0.149449995753653,0.165091677966144,0.178558636367974,0.0976233121959047,0.165729479525475,0.0368244871079033,0.133371513780338,0.151181803969793,0.23914200647777,0.235178336423526,0.116019805264387,0.263339782585217,0.39788629342175,0.496922908350582,1,0.346323347727954,0.537354253893729,0.489390960811445,0.231950198533088,0.33741642858943,0.378409207525357,0.238973140556044,-0.263300682446177,0.182297543062998,0.157198265690902,0.177089048564422,0.0298018431453793,0.262326914388593,0.0823571218749153,-0.175857946051132,0.0165084679962069,0.1657622628713,0.186694164035096,0.1501286535705,0.162418726545422,0.159467409383879,0.101716311467669,0.0815041242490613,0.0568614707618515,0.215961183842307,0.0458526186548223,0.173897964373206,0.202147345489668,0.131853432205023,0.267758105287288,0.0520085643024037,0.162307507690062,0.230601441604846,0.107905255422083,0.348413024647509,0.226390833445282,0.0796585043330039,0.0371470745027545,0.0125420932918056,0.0305090196163816,0.0341924027327926,0.0407875573573257,0.00148852898270073,0.028497606684541,-0.0173670795911076,0.0628962487092383
"Field.Sparrow",0.0971290965778167,0.0235625580053863,0.260948637058727,0.186236508716187,0.101228008413936,0.232097247734802,0.0964627644552319,0.125153549699826,0.241178789524332,0.334756707887897,0.176435418562742,0.167385907184161,0.4895050958371,0.371550792947379,0.397517439396744,0.346323347727954,1,0.445790981287526,0.386567388766477,0.260685696603341,0.288711733177052,0.333840900505437,0.16575154852365,-0.36009660235506,0.172300070035773,0.22967142969405,0.144440246247993,0.203006835244472,-0.068486568710687,0.215572686894206,-0.0078094720153025,0.081302982476305,0.0136228481357787,-0.00254057475588206,0.0776211234812298,0.000269117080873383,-0.0574431421619394,-0.23404438794179,-0.0571799523115166,0.115390757648033,0.00181748658056617,-0.246600109067168,0.0649090801669838,0.031670421261993,-0.173028913694744,-0.101209143916843,0.00581000029728208,0.180618456782917,0.439010365190557,0.0468985918349891,0.138032230496983,-0.039051807383084,-0.110012010699285,0.111004054423663,-0.0357074180917552,0.063459190823367,0.0314808857698052,0.0255458306779524,0.00624105516987516,0.00188697447109726,0.122900508062869,0.211021898572042
"Song.Sparrow",0.257474538595753,0.282872681736528,0.388340479919721,0.225370106624137,0.131519623532576,0.13832009502272,0.0833892676053477,0.0460117314006881,0.227721184409505,0.264329652674789,0.265678826366502,0.127942110896097,0.173090097837205,0.397040219169774,0.248709766734842,0.537354253893729,0.445790981287526,1,0.690691683574011,0.141448141223125,0.138711623635787,0.208212324806119,0.197653948188416,-0.110382333445883,0.195832347265068,0.187296874357805,0.256512864087492,0.162173915036983,0.124078853413034,0.146104681172455,-0.0830745887299435,0.0918080433716332,-0.144289632826054,-0.0107311836147999,0.189745126631303,0.201838289901305,0.197535010245515,0.0498774812253404,0.0949373386459721,-0.0231529852917908,0.0516586011296423,-0.154194424592076,0.0314884483300919,0.108332618535865,0.114354265682268,0.161362903276642,0.115908981178915,0.176863961629663,0.426907593066021,0.131343357433703,0.383283801540509,0.38693902096326,0.0585060800179691,0.0529426541774678,0.0358429739989646,-0.0198934051577694,0.0611324992713503,0.0494912994159302,0.018007825277168,0.0454832174140659,-0.0798797826842648,0.0681056024789696
"White.throated.Sparrow",0.419634907288013,0.449036827029826,0.50706480132734,0.31512828871718,0.314810179361498,0.365584664678275,0.316778196444902,0.128935053061813,0.133789616904959,0.253275850156643,0.491121799427878,0.173101997275586,0.126383677484008,0.233005737204654,0.31579670202533,0.489390960811445,0.386567388766477,0.690691683574011,1,0.223558857120289,0.176724514077845,0.46560857513362,0.423260336034657,-0.0637288623900417,0.275660832398297,0.35172961664063,0.401034796320263,0.0593248644013154,0.118952003607468,0.222848353687042,-0.120940664512408,0.214763674923624,-0.123657526650122,0.0542821794836814,0.095938128622944,0.0931842586296746,0.0788132564806895,-0.0128316808399963,0.0083264627638234,-0.065906856936499,0.116907168556874,-0.109975494661581,0.0389656162227317,0.173485327144832,0.238507322231556,0.288869270921785,0.0311421733343964,0.062352198524169,0.212773226680373,0.157428760756172,0.389535329945417,0.407484801367582,0.156438956450279,0.0206072557595131,0.131865339158171,0.090263832189936,0.135869390198551,0.1132485046077,0.0385448532628822,0.090307497692336,-0.00124967368977876,0.128946182518348
"Eastern.Bluebird",0.161174578489847,0.187479485155329,0.188012428997599,0.437075751384195,0.449361155036151,0.156951535407042,0.096942417413193,-0.121038519535313,0.0272473026543652,0.0496032172733873,0.0342517109485835,0.0373672923087393,0.284065830400027,0.11916947748399,0.30371993293123,0.231950198533088,0.260685696603341,0.141448141223125,0.223558857120289,1,0.529851054670202,0.438329219169124,0.237829545042447,0.00201524826783993,0.305082532843439,0.467426433922689,0.444244747115654,0.0417352713403558,0.105396332523713,0.134680038963653,0.0188113487083296,0.139034637979434,0.30576604243677,0.26741865838852,0.0901708446338033,0.13666143285595,0.159549532286602,0.318638671611542,0.0982048378766589,0.0515462326075668,0.404853036403014,0.102917045759486,0.391479535695381,-0.229935278422344,0.0688705021777039,0.0973821035292433,0.0509768461360958,0.248105420845883,0.290499265731896,0.34296163044704,0.36035260387085,0.175745837989037,0.18969814389334,0.0563094520495859,0.209621619691531,0.242077460161463,0.306933497830582,0.325052742331573,0.236349166196621,0.26827557735097,0.228332621524116,0.379561104346324
"Eastern.Phoebe",-0.0609818833722779,0.133533350328688,0.262282767591204,0.299066554310157,0.528552274573304,0.0870401572003572,0.0349751055212877,0.0691310462784407,0.0751261101421668,-0.0116453167690042,-0.00119943644965517,0.0838250792353883,0.219202001639153,0.0613593905247307,0.185139688000131,0.33741642858943,0.288711733177052,0.138711623635787,0.176724514077845,0.529851054670202,1,0.236793644333309,0.209775468512382,0.0678304798511479,0.156350107108631,0.36289246025514,0.367806117031146,0.0316478798600401,0.261875290516517,0.221127797063789,-0.231001459358955,0.15564658538716,0.213849553469179,0.273847859094307,-0.023135794945289,-0.0267375310704951,-0.0205523463429453,0.140487676900098,-0.0112994840763735,0.292088482905145,0.385724144309911,0.06400956771868,0.50814820083118,0.195091709950518,0.0619827376552743,0.146743436253333,-0.0388228849754475,0.46463876831435,0.348262884934197,0.364946817794908,0.553166078329836,0.219575458381344,0.277308207690066,0.159034934367972,0.236539389749056,0.292639006864652,0.376699560313922,0.388679143754721,0.357867302634125,0.369733068456843,0.23620821752004,0.314787782641668
"American.Crow",0.382683131153006,0.320431789456327,0.138452073948894,0.379254039496151,0.357398964964293,0.264061652261062,0.357680393993791,0.277941749314164,0.135156867553708,0.251741644999607,0.243268992835783,0.147201528189553,0.260253628332204,0.148598930309182,0.267080129082396,0.378409207525357,0.333840900505437,0.208212324806119,0.46560857513362,0.438329219169124,0.236793644333309,1,0.418179134790918,0.0180597267905082,0.242064587104343,0.330583471408474,0.394547384057295,0.00133064237371521,0.0798262453862592,0.273238828537927,-0.191435997229556,0.24498137494341,0.0679323411648261,0.121723418415277,0.0131767368168403,0.000398853846585731,-0.0111604781195271,-0.00400472212169263,0.0825678842139954,-0.137411927722209,0.0696251453079416,-0.0191070481216473,0.0697470528207375,-0.111196773612594,0.152234050276001,0.177413016617571,0.123334505852066,0.06329359807654,0.148879018978039,0.136601817533344,0.211106759960979,0.280558302381721,0.178113561632219,0.01772342545506,0.0496185201439983,0.062872112563839,0.115866108178116,0.0846763916541907,-0.00499545549717286,0.044187594522488,0.0668350330038993,0.156018885494645
"Ring.billed.Gull",0.176010274380799,0.303347977316548,0.190321235007858,0.255880877648841,0.132793033835974,-0.00209139435587011,-0.0110589661478962,0.118667256324228,0.00420232918064805,0.0440339759515431,0.226225712729769,0.0071196229625593,0.149614757292568,0.133250814940575,0.279763557471001,0.238973140556044,0.16575154852365,0.197653948188416,0.423260336034657,0.237829545042447,0.209775468512382,0.418179134790918,1,0.0874688144602334,0.309350242092329,0.0859460216456557,0.184067644955806,-0.0006255224909188,0.143603157726236,0.217176881662494,0.0708149961539615,0.257685205591247,0.156187189719364,0.114579481182266,-0.00182145148803482,0.00434430598707193,-0.000102891174518126,0.0294632945547866,0.000199388896556539,-0.213069519099056,0.0643780919694392,-0.213274162394771,-0.0663076697725474,0.0565144178230104,0.0892672179700934,0.12820125137469,-0.0384348983332488,0.164524327421273,0.125629443847806,0.186033352822185,0.326707036371192,0.265614256112681,0.10501892909697,0.00458786264885557,0.144942490738226,0.0154993610527164,0.0696865604366802,0.0659276855463272,0.0188234650858673,0.0506474019688989,0.0143581075950038,0.0869308061901364
"Yellow.rumped.Warbler",0.138202167798755,0.400100151801826,0.0567407651485132,0.392943816093945,0.396674955339855,-0.193531850671758,0.215173490212561,-0.0288053257598049,-0.285532036042441,-0.390549481449898,-0.0562136964051574,-0.211216068842318,-0.499376066138371,-0.510935088070731,-0.288934165789464,-0.263300682446177,-0.36009660235506,-0.110382333445883,-0.0637288623900417,0.00201524826783993,0.0678304798511479,0.0180597267905082,0.0874688144602334,1,0.155803641324604,0.15966880756965,0.336820230691377,-0.0253690569675292,0.0492834788108419,0.239637672548424,-0.0448189776579219,0.200334706873556,0.0073757103811726,0.202175561213436,-0.00376522054918383,0.00892078554128761,0.030229613873853,0.0048952375242243,0.0276179043274854,-0.198432528027987,-0.0494820650858576,0.0517461584999118,-0.137288171173202,-0.00655568650510968,0.244095676032252,0.142780600395302,-0.312937325200453,-0.179215653654522,-0.211143839065334,-0.0110167521181815,0.116171744776692,0.269740384154201,0.237421380248733,-0.0562380940703367,0.125901558493516,0.030632259087595,0.0815098916030381,0.046701435916877,-0.00100004441241234,0.0270493019204485,-0.0581626305258678,-0.224514572962366
"Herring.Gull",0.0127593139991293,0.132708223922727,0.179960463760363,0.481655139846599,0.14470597988102,0.0632929273560559,0.14529105781449,-0.049332218065783,0.0455257174246137,-0.0435455879585938,-0.0507330076011284,0.0991841993910569,-0.067858933504896,-0.101036376409324,0.297499289069785,0.182297543062998,0.172300070035773,0.195832347265068,0.275660832398297,0.305082532843439,0.156350107108631,0.242064587104343,0.309350242092329,0.155803641324604,1,0.552950068701648,0.52898594247423,0.0209995894982758,-0.0234854958184568,0.213422821311389,-0.185680142333511,-0.111406178943839,-0.0350670644860805,0.0689931674053133,-0.000629901741574046,-0.00627070328978234,-0.000628449554654311,-0.0334251841170081,-0.000284345909502606,-0.285614962304038,0.111321042670469,0.100835622499081,0.128629661402858,0.0201508247723998,-0.122884638855025,0.165248119335832,-0.226994709874775,0.220563057321258,-0.0418685123711504,0.00221122809356857,0.119360502725468,0.287518344760825,0.296282862223679,0.0620088795476766,0.0386407495510018,0.093176435321376,0.256186027197268,0.131656079195805,0.118675847188945,0.120019990751027,0.074779326235942,-0.0649582348065252
"Carolina.Chickadee",0.0481243015778014,0.374455508840584,0.248265108256789,0.469732170043992,0.492783986545461,0.222345549325885,0.309830405067744,-0.00355585364004379,0.18970659527042,0.0870119088042364,-0.018677732737049,0.140223230568507,0.0421661997278206,-0.0495571861404481,0.219517359116323,0.157198265690902,0.22967142969405,0.187296874357805,0.35172961664063,0.467426433922689,0.36289246025514,0.330583471408474,0.0859460216456557,0.15966880756965,0.552950068701648,1,0.792360809892427,0.0271025170104831,0.140329808090405,0.318800611863342,-0.0251940421844799,0.175560669743587,0.0234501638752356,0.125815554999557,0.0534287089311267,0.0431440041688054,0.0446748055302628,-0.0389597933456487,-0.0145174001537758,0.0882860964058445,0.329766574561561,-0.0452159937688282,0.162353388333657,-0.100710756935204,-0.0766070091087339,0.103230294232571,-0.307576480741683,-0.01518770137248,-0.0161910532630295,0.0251988583556305,0.168021548625357,0.145067118596245,0.33580874634318,0.0499067810083245,0.061014428052033,0.159067782224873,0.315094453632637,0.246875180190288,0.163971783777787,0.156187200435921,0.108727025683899,0.13411503981307
"Tufted.Titmouse",0.182059491261297,0.391742361896837,0.476839203618633,0.541630431635315,0.62253609657395,0.123882986699184,0.450600695758443,-0.044686693890129,0.195387982000782,0.028881313630483,0.154847626613276,0.164836442195251,-0.0339866001238187,-0.075845329672343,0.0586326261693189,0.177089048564422,0.144440246247993,0.256512864087492,0.401034796320263,0.444244747115654,0.367806117031146,0.394547384057295,0.184067644955806,0.336820230691377,0.52898594247423,0.792360809892427,1,0.0246842118127505,0.0096353503201979,0.449248384300397,-0.136935618258337,0.430041330331038,0.19966452391643,0.375624141371565,-0.00412265982328775,0.00987630862419555,0.0288080908289126,0.0368144408466741,0.0181912757509966,-0.138401710106222,0.186667269199889,0.0268972312056783,0.249983005620395,-0.0176663810337914,0.141348889717905,0.35717409328861,-0.179386143118874,-0.00733901932078022,0.00809710724459535,0.289861615185111,0.412972210640959,0.349964170018967,0.469140987850571,0.174511170918057,0.281902010467344,0.278772484818083,0.487443906213215,0.413123100581819,0.330254818970094,0.344172381232508,0.20416016181837,0.20578784155849
"sparrow.sp.",0.0428549144852514,0.0305853893569033,0.0456793069636697,0.0249140728834579,0.0502924286135798,-0.0328049965224215,-0.0176835635401667,-0.0250729518926046,0.0218301174129881,0.0257932148385544,-0.108459953366055,0.0597269569999397,0.053244835114384,0.0527289720299313,0.0222268295621283,0.0298018431453793,0.203006835244472,0.162173915036983,0.0593248644013154,0.0417352713403558,0.0316478798600401,0.00133064237371521,-0.0006255224909188,-0.0253690569675292,0.0209995894982758,0.0271025170104831,0.0246842118127505,1,0.0280656461951178,0.0282419635031564,0.0361473763949299,-0.0273523322798202,-0.00656435315565617,0.020446845602296,0.000537797378410551,0.000559717193568477,0.000497512204442282,0.00647606722545494,1.60116218275249e-05,0.0656153393977635,0.0484860079045137,0.0215062912864253,0.0502064140618442,-0.00484697241721638,-0.106414915270658,-0.0127387882211256,0.0309907362705609,0.019541611880174,0.0451342749108326,0.054643903793964,0.0644080578569824,0.0207631987657372,0.0227595915785602,0.0306331827452043,0.0480940912503821,0.0541188830102689,0.0475142532262452,0.0654058377566436,0.0675029682960819,0.0681517225159154,-0.00547953194597571,0.0748015849497777
"American.Robin",0.140787375431096,0.355783189748202,-0.0981423416878168,0.13733777748468,0.107029859249159,0.0106312056044791,-0.123419923354623,0.061099744737033,-0.0854658919552879,0.015407502629845,-0.121011869256335,-0.0889986205650341,-0.00305487337956834,0.249164992294032,0.0967023107157533,0.262326914388593,-0.068486568710687,0.124078853413034,0.118952003607468,0.105396332523713,0.261875290516517,0.0798262453862592,0.143603157726236,0.0492834788108419,-0.0234854958184568,0.140329808090405,0.0096353503201979,0.0280656461951178,1,0.318594090113092,-0.0430376694009561,-0.168021917675718,-0.0911532260844437,0.0288467912739611,-0.0150921357801813,0.0394315140069489,0.0885784467172852,0.182122629270252,0.10779252962896,0.295691682445437,0.392531966150032,0.137512224304514,0.0551858460824399,0.028351432670848,0.111250209364419,-0.0465876960157686,-0.00690361783606915,-0.218960690271286,-0.124809739668636,0.0340198511636331,0.142475645644884,0.0673094167215686,-0.110714787314423,-0.124335512589889,-0.016496577784391,-0.0230008117693297,0.0189956449416242,0.00824849941467807,-0.0174673302903772,0.0462390210295518,-0.141852985843943,0.0122136046074377
"Chipping.Sparrow",0.248038551164265,0.418685904707474,0.223892099905439,0.457882476217816,0.47406615634624,0.0309542037543657,0.198790764154961,-0.0278236531090256,-0.0969246676172121,0.0649035905083088,0.0811504516226147,-0.012096891699348,0.0759818857519646,0.18443467707544,-0.128354150852675,0.0823571218749153,0.215572686894206,0.146104681172455,0.222848353687042,0.134680038963653,0.221127797063789,0.273238828537927,0.217176881662494,0.239637672548424,0.213422821311389,0.318800611863342,0.449248384300397,0.0282419635031564,0.318594090113092,1,-0.0319942754604131,0.304290961726616,0.137774428368727,0.385182860313238,0.0351344041040344,0.0170285165019735,0.0261721991451182,-0.0654505343664117,-0.00760945378325713,-0.0031764230444628,0.141536108838833,0.0372095039610816,-0.124944753440533,0.0337285574346826,0.0231813090055547,-0.227578939415301,-0.283793717595898,-0.269266287833552,-0.148688758782478,0.199837658921088,0.111400508213391,0.0174108382857151,-0.238525146419241,-0.0377963774714589,0.133792798380638,0.0804348464435829,0.150640656760759,0.119980655628815,0.0603144728621174,0.0833299457118814,0.0359042561368413,0.194261583684921
"American.Coot",-0.0776224786240071,-0.00176391081260155,0.164906782653358,0.0907132970413803,-0.00284259180576531,-0.0521854030511963,-0.102528313902942,-0.14401130292335,-0.0262212397576266,-0.0216440074260963,0.0454402997047815,0.0234015739110238,0.00670043725073135,0.152897045714072,0.0796473029571155,-0.175857946051132,-0.0078094720153025,-0.0830745887299435,-0.120940664512408,0.0188113487083296,-0.231001459358955,-0.191435997229556,0.0708149961539615,-0.0448189776579219,-0.185680142333511,-0.0251940421844799,-0.136935618258337,0.0361473763949299,-0.0430376694009561,-0.0319942754604131,1,0.169293630603778,0.210925548735122,0.0432457135711977,-0.00354290098217007,0.0103690854365808,0.00767050236037128,-0.0185471817430503,0.0123777225813595,-0.026126657064533,-0.255771251490981,-0.159006941474869,-0.185662642834279,-0.0633900836560684,-0.074706950325435,-0.231613491420062,-0.0490672252469841,-0.0754411147728633,0.106175655098272,0.0192565710217791,0.00507549398729539,-0.227619421935382,-0.0877130568348702,-0.0381255240616578,0.0698922742952582,0.00729233172671329,-0.0896377079524532,0.0339942344750519,0.00808737804272137,-0.0277699996612075,-0.0136332463629047,0.117162569434479
"Golden.crowned.Kinglet",0.179109379820921,0.161486407041633,0.431033290392507,0.227736775795664,0.366988675055096,-0.0201430503512206,0.290077927117254,0.0920058447181549,0.136534904828449,-0.00926644731216423,0.36318251199222,0.0405763100456883,0.0597572394075774,0.137124772917851,-0.105789142257423,0.0165084679962069,0.081302982476305,0.0918080433716332,0.214763674923624,0.139034637979434,0.15564658538716,0.24498137494341,0.257685205591247,0.200334706873556,-0.111406178943839,0.175560669743587,0.430041330331038,-0.0273523322798202,-0.168021917675718,0.304290961726616,0.169293630603778,1,0.375788844598572,0.548835906190837,0.0856227217338819,0.0596957213817784,0.0428005748222398,-0.0271905758521069,0.0247488686306957,-0.192415052356549,-0.114968028786877,-0.216171026236805,-0.0466932089841362,0.0553822405066649,0.167798832111237,0.22248579572303,-0.0715485854101771,-0.0499043669896073,0.267784913793519,0.237637362035688,0.247337982730683,0.0904274301159486,0.0741538610218205,0.0865009309973798,0.113407919897091,0.0525834147618621,0.111037645139676,0.109588870601644,0.0703391934271016,0.0516008105221806,0.0844946963737786,0.0935402880223302
"Pine.Warbler",-0.15056192057632,-0.0213043831346951,0.00664762383631045,0.136191335921435,0.0609285365036246,-0.121551667600189,-0.20985807244213,-0.108987468421297,-0.0875749221573085,-0.109028791136937,0.0672585332666079,-0.0328438628009901,-0.0402726800511587,-0.0252089102354532,-0.0151380808824762,0.1657622628713,0.0136228481357787,-0.144289632826054,-0.123657526650122,0.30576604243677,0.213849553469179,0.0679323411648261,0.156187189719364,0.0073757103811726,-0.0350670644860805,0.0234501638752356,0.19966452391643,-0.00656435315565617,-0.0911532260844437,0.137774428368727,0.210925548735122,0.375788844598572,1,0.777145714415445,-0.00498098510934501,-0.0189979334289747,-0.0319398174235197,-0.000489388792623624,0.00556464074155118,0.0150914399894475,0.202080856666705,0.0355914123461904,0.13516326761211,0.00251141863368152,-0.0311820883437699,0.174397753785539,-0.0738861327806869,-0.00134322156399669,-0.0153439935873139,0.100734288455294,0.194066554580196,-0.110269514825688,-0.0460215393878096,0.00236612188488118,0.0752141911523509,0.0312482497088264,-0.0207895184688068,0.0600629878965124,0.0217551707577699,0.00264440166848794,-0.0255355501153069,0.0200854282632021
